
=========================
15 12 33 20 47 21 32 39 48 5 42 24 10 45 35 4 26 2 29 34 41 16 22 3 14 25 13 23 11 40 1 8 9 38 31 44 18 7 28 6 37 19 27 17 43 30 36 46 10815
Metoda: reverse
Liczba iteracji bez poprawy: 2200
=========================
22 3 23 14 25 13 11 12 15 40 1 8 9 38 31 44 18 7 28 6 37 19 27 17 43 30 36 46 33 20 47 21 39 32 24 45 35 4 26 10 42 48 5 2 29 34 41 16 10894
Metoda: reverse
Liczba iteracji bez poprawy: 2200
=========================
45 10 24 5 48 32 39 25 14 13 21 47 20 33 15 46 36 30 43 17 27 19 37 6 28 7 18 44 31 38 8 1 9 40 12 11 23 3 22 16 41 34 29 2 42 26 4 35 10963
Metoda: reverse
Liczba iteracji bez poprawy: 2200
=========================
31 38 9 8 1 22 16 41 34 3 40 15 12 11 23 14 25 48 5 29 2 42 26 4 35 45 10 24 32 39 21 13 47 20 33 46 36 30 43 17 27 19 37 6 28 7 18 44 10749
Metoda: reverse
Liczba iteracji bez poprawy: 2200
=========================
15 40 11 12 33 20 47 21 32 39 48 5 42 24 10 45 35 4 26 2 29 34 14 25 13 23 3 41 16 22 1 8 9 38 31 44 18 7 28 6 37 19 27 17 43 30 36 46 10912
Metoda: reverse
Liczba iteracji bez poprawy: 2200