
=========================
50 5 56 121 51 57 54 44 45 103 42 28 122 33 32 29 25 26 38 39 34 43 40 35 37 36 41 14 12 16 2 1 7 105 15 20 17 21 22 4 19 72 8 23 24 108 6 106 114 11 9 3 90 116 60 61 91 62 59 125 113 65 99 92 89 104 85 86 87 88 119 63 96 109 110 71 70 68 67 73 74 18 77 31 30 27 80 79 78 76 69 75 117 84 81 126 82 83 102 101 98 97 123 95 93 127 107 111 112 94 46 48 118 49 53 47 124 52 55 66 64 58 100 10 120 13 115 130290.53965000005
Metoda: reverse
Liczba iteracji bez poprawy: 1000
=========================
65 113 64 58 91 61 62 59 60 116 90 3 100 66 55 124 52 5 121 56 47 49 53 48 118 46 94 112 111 107 127 93 95 123 97 98 32 29 28 122 33 25 38 26 27 30 34 39 42 43 40 36 37 35 44 103 45 54 57 51 2 50 13 115 10 120 114 11 9 6 106 105 7 1 16 41 14 12 31 79 80 78 117 84 81 126 82 83 101 102 63 119 69 75 76 74 77 18 21 17 22 20 15 108 4 24 23 19 72 8 67 73 68 70 71 110 109 96 88 87 86 85 104 125 89 92 99 125651.40889680012
Metoda: reverse
Liczba iteracji bez poprawy: 1000
=========================
1 7 105 15 20 12 14 41 36 37 35 40 43 34 39 30 27 31 79 80 78 77 18 17 21 72 8 19 22 4 23 24 108 6 106 114 9 11 10 115 50 13 120 3 90 100 58 64 113 66 55 65 99 92 89 125 104 59 62 60 116 61 91 67 73 74 76 117 81 84 75 69 70 68 71 110 85 86 87 88 109 96 119 63 126 82 83 102 101 98 97 32 29 28 122 33 25 26 38 42 123 95 93 127 107 111 112 94 46 118 48 53 49 47 124 52 5 56 121 54 45 103 44 57 51 2 16 129690.0085537
Metoda: reverse
Liczba iteracji bez poprawy: 1000
=========================
86 87 88 109 96 119 63 102 101 83 82 126 81 84 117 78 80 27 26 38 25 29 32 33 122 28 123 97 98 107 111 112 94 46 118 48 53 49 47 55 66 124 52 56 5 50 115 13 51 121 57 54 44 45 103 93 127 95 42 39 34 43 30 41 36 40 35 37 2 16 1 7 105 114 106 15 108 4 22 19 23 24 6 9 11 3 120 10 100 58 64 113 65 99 92 89 125 104 59 62 91 61 60 116 90 8 72 67 73 68 74 18 21 17 20 12 14 31 79 77 76 75 69 70 71 110 85 131035.01427720007
Metoda: reverse
Liczba iteracji bez poprawy: 1000
=========================
67 73 74 68 71 70 69 75 76 84 81 126 82 83 117 80 79 78 77 18 21 17 20 22 4 108 15 106 6 114 105 7 1 16 41 14 12 31 27 30 26 25 33 29 32 122 28 42 38 39 34 43 36 37 35 40 44 103 45 54 57 121 56 47 53 49 118 48 46 94 112 111 107 127 93 95 123 97 98 101 102 63 119 96 109 88 87 86 85 110 104 59 62 60 116 90 61 91 100 58 64 113 125 89 92 99 65 66 55 124 52 5 51 2 50 115 13 120 10 3 11 9 24 23 19 72 8 124539.93890600008
Metoda: reverse
Liczba iteracji bez poprawy: 1000
=========================
91 61 62 60 116 90 3 10 115 13 50 51 2 35 37 36 41 30 43 40 34 42 39 38 25 33 29 32 122 28 123 95 93 103 45 44 54 57 121 56 5 52 124 47 53 49 118 48 46 94 112 111 107 127 97 98 101 102 83 82 126 81 84 117 75 76 78 79 80 26 27 31 12 14 16 1 7 120 114 11 9 8 23 24 6 106 105 15 20 108 4 22 17 21 19 72 18 77 74 73 67 68 71 70 69 63 119 96 109 88 87 86 85 110 59 104 125 89 92 99 65 55 66 113 64 58 100 129351.0323926001
Metoda: reverse
Liczba iteracji bez poprawy: 1000
=========================
69 75 76 84 81 126 82 83 117 78 79 77 18 74 73 67 8 72 19 22 21 17 20 108 4 23 24 9 11 3 10 115 5 50 13 120 7 105 114 6 106 15 1 16 2 51 35 37 36 41 14 12 31 80 27 26 30 34 43 40 44 103 45 54 57 121 56 52 124 66 55 47 49 53 118 46 112 111 107 94 48 93 127 95 123 42 39 38 25 33 29 32 122 28 97 98 101 102 63 119 96 109 88 87 86 85 110 104 125 89 92 99 65 113 64 58 100 91 61 90 116 60 62 59 71 68 70 131641.40987470007
Metoda: reverse
Liczba iteracji bez poprawy: 1000
=========================
43 34 30 27 26 25 29 32 33 122 28 38 39 42 40 35 36 37 2 50 51 57 44 103 45 54 121 56 5 52 124 66 55 47 53 49 118 48 46 94 112 111 107 127 93 95 123 97 98 101 102 83 82 63 119 88 87 86 85 109 96 70 69 75 126 81 84 117 80 31 79 78 76 74 73 68 71 110 104 125 89 92 99 65 113 64 58 100 91 61 62 59 60 90 116 67 72 18 77 21 17 22 20 15 106 6 108 24 23 4 19 8 9 11 3 10 115 13 120 7 114 105 1 16 12 14 41 129302.36515930007
Metoda: reverse
Liczba iteracji bez poprawy: 1000
=========================
115 10 100 52 124 55 47 53 49 118 48 46 94 112 111 107 127 93 95 123 97 98 101 102 63 119 96 109 88 87 86 85 110 71 70 69 75 68 74 73 67 8 72 18 77 76 84 81 126 82 83 117 78 80 79 31 27 30 34 39 38 26 25 33 29 32 122 28 42 43 40 35 37 36 41 14 12 15 105 114 106 6 108 24 4 22 20 17 21 19 23 9 11 90 116 60 62 59 104 125 89 92 99 65 66 113 64 58 91 61 3 120 7 1 16 2 51 44 103 45 54 57 121 56 5 50 13 126697.70686180008
Metoda: reverse
Liczba iteracji bez poprawy: 1000
=========================
121 56 124 55 66 65 99 92 89 104 125 113 64 58 91 61 90 3 11 9 116 60 62 59 110 85 86 87 88 109 96 70 71 68 76 78 117 84 81 83 82 126 75 69 119 63 102 101 98 97 123 28 122 33 32 29 25 80 79 77 18 74 73 67 8 72 19 21 17 22 4 23 24 108 20 31 27 26 38 39 42 34 30 12 14 41 37 36 43 40 35 44 45 103 95 93 127 107 111 112 94 46 118 48 53 49 47 54 57 51 50 115 13 2 16 1 7 105 15 106 6 114 120 10 100 52 5 132260.57246340005
Metoda: reverse
Liczba iteracji bez poprawy: 1000
=========================
36 41 30 31 79 80 27 26 25 38 39 42 34 43 40 44 45 103 93 95 123 28 122 33 29 32 97 98 127 107 111 112 94 46 118 48 53 49 47 54 57 121 56 5 52 124 55 66 113 65 99 92 89 125 104 110 85 86 87 88 109 96 119 63 102 101 83 82 126 81 84 117 78 76 75 69 70 71 68 74 73 67 116 90 60 59 62 61 91 58 64 100 115 13 50 51 2 16 1 7 120 10 3 11 9 6 114 105 106 15 108 24 23 8 72 18 77 21 19 4 22 17 20 12 14 37 35 125548.76749980012
Metoda: reverse
Liczba iteracji bez poprawy: 1000
=========================
81 84 75 69 70 68 76 78 117 32 29 28 122 33 25 26 38 39 42 34 43 40 35 2 51 57 54 44 45 103 123 97 98 95 93 127 107 111 112 94 46 48 118 49 53 47 124 52 56 121 5 50 13 115 10 120 7 1 16 37 36 41 30 14 12 31 27 80 79 77 18 74 73 67 8 72 19 4 22 21 17 20 108 23 24 6 106 15 105 114 11 9 3 90 116 60 59 62 61 91 100 58 64 113 66 55 65 99 92 89 125 104 71 110 85 86 87 88 109 96 119 63 102 101 83 82 126 126920.57134850013
Metoda: reverse
Liczba iteracji bez poprawy: 1000
=========================
3 90 116 60 62 61 91 58 64 100 52 5 121 56 124 55 66 65 113 125 89 92 99 104 59 67 8 72 19 23 24 4 22 21 17 20 108 6 106 15 105 7 1 16 2 37 36 41 14 12 30 27 31 80 79 77 18 74 73 68 75 69 70 71 110 85 86 87 88 109 96 119 63 102 101 83 82 126 81 84 76 78 117 32 29 28 122 33 25 26 38 39 42 34 43 40 35 44 45 103 93 95 123 97 98 127 107 111 112 94 46 118 49 47 53 48 54 57 51 50 13 115 10 120 114 11 9 127220.873932reverse2
Metoda: reverse
Liczba iteracji bez poprawy: 1000
=========================
107 127 93 95 123 97 98 101 102 63 82 83 126 81 84 117 78 32 29 28 122 33 25 26 38 39 42 34 30 43 40 35 36 41 14 37 2 16 1 7 105 114 6 106 15 12 31 27 80 79 77 18 17 21 19 4 22 20 108 23 24 11 9 8 72 67 73 74 68 76 75 69 70 71 110 109 96 119 88 87 85 86 104 99 65 89 92 125 113 64 58 100 91 61 62 59 60 116 90 3 10 120 13 115 50 52 66 55 124 56 5 121 51 57 54 45 44 103 94 48 53 47 49 118 46 112 111 131331.10680840007
Metoda: reverse
Liczba iteracji bez poprawy: 1000
=========================
41 36 37 35 44 103 45 54 57 51 121 56 5 52 124 66 55 47 49 53 48 118 46 94 112 111 107 127 98 97 28 122 32 29 33 25 80 79 77 18 74 73 67 68 71 110 70 69 75 76 78 117 84 81 126 82 83 101 102 63 119 96 109 88 87 86 85 104 59 62 61 60 116 90 3 91 58 64 125 89 92 99 65 113 100 10 115 50 13 120 114 11 9 8 72 19 21 17 20 22 4 23 24 108 6 106 15 105 7 1 2 16 14 12 31 27 26 38 39 42 123 95 93 40 43 34 30 130618.38802270009
Metoda: reverse
Liczba iteracji bez poprawy: 1000
=========================
66 113 64 58 100 91 61 90 116 60 62 59 67 73 74 18 72 8 9 3 10 115 13 120 7 105 114 11 6 106 108 24 23 4 22 19 21 17 20 15 1 16 2 51 50 5 121 56 52 124 55 47 49 53 48 118 46 112 111 107 94 93 127 95 103 45 44 54 57 35 40 42 38 39 34 43 36 37 41 14 12 30 26 27 31 80 79 77 76 78 117 32 29 25 33 122 28 123 97 98 101 102 83 82 126 81 84 75 68 71 70 69 63 119 96 109 88 87 86 85 110 104 125 89 92 99 65 131302.93373700004
Metoda: reverse
Liczba iteracji bez poprawy: 1000
=========================
13 2 16 37 35 40 43 36 41 14 27 31 12 17 21 19 22 4 108 20 15 1 7 105 114 106 6 24 23 9 11 90 116 60 62 61 91 58 64 100 55 66 65 113 125 89 92 99 104 59 110 85 86 87 88 96 109 71 70 69 75 119 63 102 101 83 82 126 81 84 117 78 76 68 74 73 67 8 72 18 77 79 80 26 30 34 42 39 38 25 29 32 33 122 28 97 98 123 95 127 93 103 45 44 54 48 94 107 111 112 46 118 49 53 47 124 52 56 121 57 51 5 50 115 10 3 120 137030.425404reverse7
Metoda: reverse
Liczba iteracji bez poprawy: 1000
=========================
93 103 45 54 57 121 56 5 52 124 55 47 53 49 118 48 46 94 112 111 107 127 98 97 123 28 122 32 29 33 25 38 26 27 80 79 76 78 117 84 81 126 82 83 101 102 63 119 75 69 70 96 109 88 87 86 85 110 71 68 74 73 67 116 90 60 59 62 61 91 58 64 113 125 104 89 92 99 65 66 100 3 11 9 24 4 23 8 72 77 18 19 22 21 17 20 108 15 106 6 114 105 7 120 10 115 13 50 51 2 1 16 37 35 36 41 14 12 31 30 43 34 39 42 40 44 95 130439.28529190007
Metoda: reverse
Liczba iteracji bez poprawy: 1000
=========================
89 125 113 64 52 124 56 5 121 54 57 51 2 50 115 13 120 10 100 58 91 61 62 59 60 90 116 67 71 110 104 85 86 87 88 109 96 119 63 82 83 102 101 98 97 28 122 32 29 33 25 26 27 38 39 42 34 43 30 41 14 12 31 17 20 15 108 24 23 4 22 19 21 18 77 79 80 78 76 117 84 81 126 75 69 70 68 73 74 72 8 9 11 3 114 6 106 105 7 1 16 37 36 35 40 44 45 103 123 95 93 127 107 111 112 94 46 118 48 53 49 47 55 66 65 99 92 132053.86113440004
Metoda: reverse
Liczba iteracji bez poprawy: 1000
=========================
11 114 105 15 106 6 108 20 17 21 18 77 79 80 26 27 31 12 14 30 41 36 35 37 16 1 7 120 3 90 116 60 59 62 61 91 58 100 10 115 13 50 2 51 121 5 52 124 56 57 54 44 45 103 95 123 40 43 34 42 39 38 25 29 32 33 122 28 97 98 127 93 107 111 112 94 46 118 48 53 49 47 55 66 64 113 65 99 92 89 125 104 110 85 86 87 88 109 96 119 63 102 101 83 82 126 81 84 117 78 76 75 69 70 71 68 74 73 67 8 72 19 22 4 23 24 9 125227.1008617001
Metoda: reverse
Liczba iteracji bez poprawy: 1000
=========================
3 10 120 7 1 16 105 114 6 106 15 20 108 24 11 9 23 4 22 19 8 72 21 17 18 77 79 80 27 26 25 33 29 32 122 28 38 39 34 42 44 103 45 94 112 111 107 127 93 95 123 97 98 101 102 83 82 126 81 84 117 78 76 74 73 67 68 75 69 63 119 96 109 70 71 110 87 88 86 85 104 59 60 116 90 62 61 91 58 64 113 125 89 92 99 65 66 55 49 46 118 48 53 47 124 56 121 57 54 35 40 43 41 30 31 12 14 36 37 2 51 50 13 115 5 52 100 132667.03812500005
Metoda: reverse
Liczba iteracji bez poprawy: 1000
=========================
24 108 15 106 105 7 1 16 2 37 36 41 14 12 20 17 79 80 78 76 117 84 81 126 82 83 102 101 98 97 123 95 28 122 32 29 33 25 26 27 31 30 34 39 38 42 43 40 35 54 44 45 103 93 127 107 111 112 94 46 118 48 53 49 47 55 66 124 52 56 121 57 51 5 50 115 13 120 10 100 64 58 91 61 62 90 116 60 59 125 113 65 99 92 89 104 110 85 86 87 88 109 96 119 63 75 69 70 71 68 74 77 18 73 67 8 72 21 22 4 19 23 9 11 3 114 6 129000.15827350011
Metoda: reverse
Liczba iteracji bez poprawy: 1000
=========================
89 92 125 113 66 55 124 52 5 56 47 53 49 46 112 111 107 94 118 48 54 57 121 51 2 50 115 13 7 1 105 120 10 100 64 58 91 61 62 59 60 116 90 3 114 15 106 6 24 108 20 22 4 23 11 9 8 67 73 74 68 71 110 109 96 70 69 75 126 81 84 117 76 78 80 79 77 18 72 19 21 17 31 27 30 41 14 12 16 37 36 35 44 45 103 40 43 34 42 39 38 26 25 33 29 32 122 28 123 95 93 127 97 98 101 102 83 82 63 119 88 87 86 85 104 99 65 134789.93112120006
Metoda: reverse
Liczba iteracji bez poprawy: 1000
=========================
14 41 30 43 34 42 39 38 26 27 31 80 79 17 21 18 77 76 75 69 70 96 109 110 71 68 74 73 67 8 72 19 22 4 23 9 11 90 116 60 59 62 61 91 58 64 100 3 10 115 13 50 5 56 121 57 54 44 45 103 93 127 98 107 111 112 94 46 118 48 53 49 47 55 124 52 66 65 113 125 89 92 99 104 85 86 87 88 119 63 102 101 83 82 126 81 84 117 78 32 29 25 33 122 28 97 123 95 40 36 37 35 51 2 16 1 7 120 114 105 6 24 108 106 15 20 12 133430.87405180003
Metoda: reverse
Liczba iteracji bez poprawy: 1000
=========================
112 111 107 93 95 127 98 97 123 28 122 33 32 29 25 26 38 39 42 34 40 35 36 37 16 1 105 7 2 51 121 5 50 115 13 120 10 3 90 116 9 11 114 15 106 6 24 23 19 21 17 22 4 108 20 12 14 41 43 30 27 31 79 80 78 117 84 81 126 82 83 101 102 63 119 88 87 86 85 109 96 69 75 76 77 18 72 8 67 73 74 68 70 71 110 104 59 60 62 61 91 100 58 64 113 125 89 92 99 65 66 55 124 52 56 57 54 44 103 45 48 118 53 47 49 46 94 129183.25721700002
Metoda: reverse
Liczba iteracji bez poprawy: 1000
=========================
3 11 9 8 72 19 4 23 24 6 106 114 105 15 108 20 22 17 21 18 77 74 73 67 68 71 70 96 109 88 87 86 85 110 104 125 89 92 99 65 113 64 58 91 61 62 59 60 116 90 100 66 55 47 54 44 103 45 48 53 49 118 46 94 112 111 107 127 93 95 123 98 97 28 122 33 38 39 42 34 43 30 26 25 29 32 117 84 81 126 82 83 101 102 63 119 69 75 76 78 79 80 27 31 12 14 41 37 36 40 35 16 1 2 51 57 121 56 124 52 5 50 115 13 7 120 10 128381.39754220005
Metoda: reverse
Liczba iteracji bez poprawy: 1000
=========================
66 65 99 92 89 125 104 59 110 71 70 68 67 73 74 18 77 79 17 21 22 4 19 72 8 23 24 9 11 3 120 114 105 15 106 6 108 20 12 31 80 78 76 117 84 81 126 75 69 109 85 86 87 88 96 119 63 82 83 102 101 98 97 123 28 122 33 32 29 25 26 27 38 39 42 34 43 40 44 103 95 93 127 107 111 112 94 46 49 55 47 53 118 48 45 54 57 121 5 56 124 52 50 51 2 35 37 36 41 30 14 16 1 7 13 115 10 100 90 116 60 62 61 91 58 64 113 135384.35073549996
Metoda: reverse
Liczba iteracji bez poprawy: 1000
=========================
18 72 19 23 4 22 21 17 20 15 105 114 106 6 108 24 11 9 8 67 73 74 68 71 110 70 69 75 117 84 81 126 82 83 101 102 63 119 96 109 88 87 86 85 104 125 89 92 99 65 113 64 58 100 91 61 62 59 60 116 90 3 10 120 7 1 2 35 40 34 43 41 36 37 16 14 30 12 79 80 31 27 26 38 39 42 123 95 93 103 44 45 48 53 54 57 56 121 51 50 13 115 5 52 124 66 55 47 49 118 46 94 112 111 107 127 98 97 28 122 33 25 29 32 78 76 77 131476.01877640001
Metoda: reverse
Liczba iteracji bez poprawy: 1000
=========================
1 105 106 15 108 20 17 21 22 4 19 23 24 6 9 11 114 120 7 2 51 57 54 56 121 50 13 115 5 52 124 66 55 47 53 49 118 46 94 48 45 44 103 95 93 127 107 111 112 65 99 92 89 104 125 113 64 58 100 10 3 90 116 60 61 91 62 59 110 85 86 87 88 109 96 69 119 63 102 101 83 82 126 81 84 117 78 76 74 73 68 75 70 71 67 8 72 18 77 79 80 27 31 12 30 43 34 39 38 26 25 29 32 33 122 28 97 98 123 42 40 35 37 36 41 14 16 134874.5646841
Metoda: reverse
Liczba iteracji bez poprawy: 1000
=========================
104 125 64 58 100 91 61 62 59 60 116 90 8 72 19 4 23 24 6 106 114 11 9 3 10 115 50 13 120 7 105 15 108 22 21 17 20 12 79 77 18 74 73 67 68 70 71 110 85 86 87 88 109 96 119 63 102 101 83 82 126 81 84 117 75 69 76 78 80 31 27 26 38 25 29 32 33 122 28 97 98 127 93 95 123 42 39 34 43 40 35 37 36 41 30 14 16 1 2 51 57 54 44 103 45 48 118 94 107 111 112 46 49 53 47 56 121 5 52 124 55 66 113 65 99 92 89 130400.36209030003
Metoda: reverse
Liczba iteracji bez poprawy: 1000
=========================
85 110 104 59 62 91 61 60 116 90 3 9 11 114 105 15 106 6 24 23 4 22 108 20 17 21 77 18 72 19 8 67 73 74 68 71 70 69 75 76 78 117 84 81 126 82 83 32 29 28 122 33 25 38 39 42 34 43 40 35 54 57 121 5 50 115 13 51 2 16 37 36 41 30 26 27 80 79 31 12 14 1 7 120 10 100 58 64 113 125 89 92 99 65 66 55 124 52 56 47 53 49 118 48 46 112 111 107 94 45 44 103 93 127 95 123 97 98 101 102 63 119 96 109 88 87 86 129163.53941380007
Metoda: reverse
Liczba iteracji bez poprawy: 1000
=========================
11 114 105 7 120 10 3 90 116 60 61 91 62 59 104 125 89 92 99 65 66 113 64 58 100 115 13 50 51 121 5 52 124 55 56 57 54 44 103 45 48 53 47 49 118 46 94 112 111 107 127 93 95 123 98 97 28 122 33 25 29 32 117 84 81 126 82 83 101 102 63 119 69 96 109 88 87 86 85 110 71 68 70 75 76 78 79 80 27 26 38 39 42 34 40 35 2 1 16 37 36 43 30 41 14 12 31 17 21 18 77 74 73 67 8 72 19 23 4 22 20 108 15 106 6 24 9 128732.97016190011
Metoda: reverse
Liczba iteracji bez poprawy: 1000
=========================
10 100 91 61 62 59 60 116 90 3 11 9 23 24 108 6 114 1 16 105 106 15 20 4 22 19 8 67 71 70 69 75 68 73 74 72 21 17 18 77 79 80 78 76 117 84 81 126 82 83 101 102 63 119 96 109 88 87 86 85 110 104 99 65 89 92 125 113 64 58 66 55 124 52 5 121 56 47 53 49 118 48 46 94 112 111 107 127 98 97 123 95 93 103 45 44 40 43 34 42 39 38 28 122 32 29 33 25 26 30 27 31 12 14 41 36 37 35 54 57 51 2 50 13 7 120 115 128593.49114390003
Metoda: reverse
Liczba iteracji bez poprawy: 1000
=========================
36 35 2 51 57 54 45 103 44 40 41 30 27 31 12 20 108 23 4 22 17 21 18 72 19 8 9 24 6 106 15 105 114 11 3 90 116 60 59 62 61 91 100 58 64 113 65 99 92 89 125 104 110 85 86 87 88 109 96 119 63 102 101 83 82 126 81 84 117 76 75 69 70 71 68 67 73 74 77 78 79 80 26 38 39 34 43 42 25 33 29 32 122 28 97 98 123 95 93 127 107 111 112 94 46 118 48 53 49 47 55 66 124 52 56 121 5 50 13 115 10 120 7 1 16 14 37 124018.57676870003
Metoda: reverse
Liczba iteracji bez poprawy: 1000
=========================
89 104 85 86 87 88 109 96 119 63 101 102 83 82 126 81 84 117 78 32 29 25 33 122 28 123 97 98 127 107 111 112 94 46 48 118 49 53 47 124 52 5 56 121 57 54 44 45 103 93 95 42 38 39 34 43 30 26 27 31 80 79 77 76 75 69 70 110 71 68 74 73 67 8 19 72 18 21 22 4 23 24 6 106 114 105 7 13 120 10 115 50 51 2 1 16 35 40 36 37 41 14 12 17 20 108 15 11 9 3 90 116 60 59 62 61 91 100 58 64 125 113 66 55 65 99 92 132172.3523725001
Metoda: reverse
Liczba iteracji bez poprawy: 1000
=========================
8 19 22 4 23 24 9 11 6 108 15 106 114 105 16 1 7 13 120 10 115 50 51 2 35 37 36 41 14 30 26 27 31 12 20 17 21 18 77 79 80 78 117 84 81 83 82 126 75 76 68 71 70 69 96 109 85 86 87 88 119 63 102 101 98 127 107 111 112 46 49 47 53 118 48 94 93 95 123 97 32 29 28 122 33 25 38 39 42 34 43 40 44 103 45 54 57 121 56 5 52 124 55 66 65 99 92 89 104 110 59 62 61 91 58 125 113 64 100 3 90 116 60 67 73 74 72 134480.41195470004
Metoda: reverse
Liczba iteracji bez poprawy: 1000
=========================
27 26 38 39 34 42 95 123 98 97 28 122 33 25 29 32 78 117 84 81 126 82 83 101 102 63 119 88 87 86 85 110 109 96 69 70 71 68 75 76 77 18 21 17 22 4 19 72 74 73 67 60 62 59 104 125 89 92 99 65 113 64 58 100 91 61 116 90 3 10 115 13 120 7 105 1 16 36 37 2 51 50 5 121 57 56 52 124 66 55 47 53 49 118 48 46 94 112 111 107 127 93 103 45 44 54 35 40 43 30 41 14 12 15 106 114 11 9 8 23 24 6 108 20 79 80 31 130508.20951700007
Metoda: reverse
Liczba iteracji bez poprawy: 1000
=========================
122 33 25 26 38 39 42 34 43 40 44 103 45 54 57 121 56 5 52 100 10 3 11 9 24 23 4 22 19 8 72 21 17 20 108 6 106 15 12 14 16 1 7 105 114 120 13 115 50 51 2 35 37 36 41 30 27 31 79 80 78 76 75 117 84 81 126 82 83 101 102 63 119 88 87 86 85 110 109 96 69 70 71 68 77 18 74 73 67 116 90 60 61 58 64 91 62 59 104 99 92 89 125 113 65 66 55 124 47 49 53 48 118 46 94 112 111 107 127 93 95 123 97 98 32 29 28 126831.87061790001
Metoda: reverse
Liczba iteracji bez poprawy: 1000
=========================
29 32 78 117 84 81 126 83 82 119 63 102 101 98 97 123 95 127 107 111 112 46 49 47 53 118 48 94 93 103 45 44 40 43 34 42 39 38 26 27 31 12 14 30 41 36 37 35 54 57 51 2 16 1 7 105 114 11 9 24 23 19 22 4 108 6 106 15 20 17 21 18 72 8 67 116 90 60 59 62 61 91 125 64 58 100 3 10 120 13 115 50 5 121 56 52 124 55 66 113 65 99 92 89 104 110 85 86 87 88 109 96 69 75 70 71 68 73 74 76 77 79 80 25 33 122 28 132260.2415461001
Metoda: reverse
Liczba iteracji bez poprawy: 1000
=========================
10 120 13 115 50 2 7 1 16 41 37 36 40 35 51 121 5 52 124 66 55 47 49 118 53 56 57 54 44 103 45 48 46 94 112 111 107 127 93 95 42 38 39 34 43 30 14 12 15 106 105 114 11 9 23 24 6 108 20 17 21 22 4 19 8 72 74 18 77 76 78 80 79 31 27 26 25 33 29 32 122 28 123 97 98 101 102 63 82 83 126 81 84 117 75 70 69 119 96 109 88 87 86 85 104 125 89 92 99 65 113 64 58 100 91 61 62 60 59 110 71 68 73 67 116 90 3 135024.96790680004
Metoda: reverse
Liczba iteracji bez poprawy: 1000
=========================
62 60 116 90 61 91 100 58 64 113 125 89 92 99 65 66 55 124 47 49 53 48 118 46 94 112 111 107 127 98 97 123 95 93 103 45 44 54 57 121 56 52 5 50 51 2 16 1 13 115 10 120 7 105 114 106 15 108 6 11 3 9 24 23 4 22 20 31 12 14 37 36 35 40 41 30 43 34 42 39 38 28 122 33 32 29 25 26 27 80 79 18 17 21 19 72 8 67 73 71 70 69 75 68 74 77 76 78 117 84 81 126 82 83 101 102 63 119 96 109 88 87 86 85 110 104 59 127109.65995440006
Metoda: reverse
Liczba iteracji bez poprawy: 1000
=========================
71 68 74 73 67 8 23 9 11 3 90 116 60 61 91 62 59 104 125 89 92 99 65 55 66 113 64 58 100 10 115 13 120 114 106 6 24 4 22 17 21 19 72 18 77 78 80 79 31 27 30 26 25 29 32 33 122 28 38 39 42 34 43 40 35 37 36 41 14 12 20 108 15 105 7 1 16 2 50 51 44 103 45 54 57 121 56 5 52 124 47 49 53 48 118 46 94 112 111 107 127 93 95 123 97 98 101 102 83 82 126 81 84 117 76 75 70 69 63 119 96 109 88 87 86 85 110 125132.26039400006
Metoda: reverse
Liczba iteracji bez poprawy: 1000
=========================
123 97 98 101 102 83 82 126 81 84 117 75 63 119 69 70 68 71 110 109 96 88 87 86 85 104 125 89 92 99 65 66 113 64 58 91 61 62 59 60 116 90 3 100 10 115 50 51 2 13 120 7 1 16 105 114 11 9 106 15 6 24 23 8 67 72 19 22 4 108 20 17 21 18 77 74 73 76 78 79 80 25 33 29 32 122 28 42 34 39 38 26 27 31 30 12 14 41 37 36 43 40 35 44 103 45 54 57 121 56 5 52 124 55 47 49 53 48 118 46 94 112 111 107 127 93 95 127566.4666541001
Metoda: reverse
Liczba iteracji bez poprawy: 1000
=========================
72 18 77 117 84 81 126 82 83 101 102 63 119 96 88 87 86 85 109 110 104 92 99 65 89 125 113 66 55 47 49 53 124 52 5 56 121 54 57 51 50 13 115 10 100 64 58 91 61 62 59 60 116 90 3 11 9 24 23 19 4 22 21 17 20 108 6 106 15 105 114 120 7 1 16 2 35 40 43 34 39 38 42 123 95 93 103 44 45 48 118 46 94 112 111 107 127 98 97 28 122 33 32 29 25 26 30 41 36 37 14 12 31 27 79 80 78 76 75 69 71 70 68 74 73 67 8 130048.49196820005
Metoda: reverse
Liczba iteracji bez poprawy: 1000
=========================
12 14 16 37 41 30 31 27 26 38 39 42 34 43 40 36 35 2 51 50 115 13 120 10 100 3 90 61 62 60 116 8 72 19 22 4 23 24 6 9 11 114 7 1 105 106 15 108 20 17 21 18 77 74 73 67 59 104 89 92 99 65 125 91 58 64 113 66 55 47 49 118 46 112 111 94 48 53 124 52 5 56 121 57 54 44 45 103 93 107 127 95 123 98 97 28 122 33 32 29 25 80 78 117 84 81 126 82 83 101 102 63 119 96 109 88 87 86 85 110 71 68 70 69 75 76 79 134613.76909090005
Metoda: reverse
Liczba iteracji bez poprawy: 1000
=========================
34 43 36 41 14 12 30 26 27 31 80 79 77 76 75 69 119 63 102 101 83 82 126 81 84 117 78 25 33 122 28 29 32 98 97 123 95 93 127 107 111 112 94 46 48 118 49 53 47 55 66 113 65 99 92 89 125 104 110 85 86 87 88 109 96 70 71 68 74 73 67 8 72 18 21 17 20 15 105 114 106 6 108 4 22 19 23 24 9 11 90 116 60 59 62 61 91 58 64 100 3 10 120 7 1 16 37 35 51 2 13 115 50 5 52 124 56 121 57 54 45 103 44 40 42 38 39 125692.7411490001
Metoda: reverse
Liczba iteracji bez poprawy: 1000
=========================
27 30 26 25 29 32 33 122 28 97 98 123 95 44 54 45 103 93 127 107 111 112 94 46 118 48 53 49 47 56 121 57 51 13 120 115 50 5 52 124 55 66 65 113 64 58 100 10 3 90 116 60 59 62 61 91 125 89 92 99 104 110 85 86 87 88 109 96 119 63 102 101 83 82 126 81 84 117 78 76 75 69 70 71 68 74 73 67 8 19 72 18 77 79 80 17 21 22 4 23 24 9 11 6 108 20 15 106 114 105 7 1 16 2 35 40 42 38 39 34 43 36 37 41 14 12 31 126803.22807290009
Metoda: reverse
Liczba iteracji bez poprawy: 1000
=========================
60 116 90 61 91 58 100 3 11 9 6 106 15 114 105 16 1 7 120 10 115 13 50 52 124 56 5 121 54 45 103 44 57 51 2 37 14 12 20 108 24 23 19 4 22 17 21 18 72 8 67 73 68 70 75 69 96 119 63 102 101 83 82 126 81 84 117 78 76 74 77 79 80 31 27 26 30 41 36 35 40 43 34 42 39 38 25 33 29 32 122 28 97 98 123 95 93 127 107 111 112 94 46 118 48 53 49 47 55 66 64 113 65 99 92 89 125 104 85 86 87 88 109 110 71 59 62 128855.77877540003
Metoda: reverse
Liczba iteracji bez poprawy: 1000
=========================
14 15 106 105 114 6 108 4 23 24 9 11 90 116 60 61 91 62 59 104 125 89 92 99 65 113 64 58 100 3 10 120 7 1 16 2 13 115 50 51 44 103 45 54 57 121 56 5 52 124 66 55 47 49 53 48 118 46 94 112 111 107 127 93 95 123 97 98 32 29 28 122 33 25 26 38 39 42 34 43 40 35 37 36 41 30 27 31 79 80 78 76 75 117 84 81 126 82 83 101 102 63 119 88 87 86 85 110 109 96 69 70 71 68 67 8 19 72 73 74 77 18 21 17 22 20 12 124632.56254870007
Metoda: reverse
Liczba iteracji bez poprawy: 1000
=========================
102 83 82 126 81 63 119 75 69 96 109 88 87 86 85 110 104 99 92 89 125 91 61 62 59 60 116 90 3 58 64 100 10 120 115 13 7 1 16 105 114 106 15 20 17 21 22 108 6 11 9 24 23 4 19 72 8 67 71 70 68 73 74 18 77 76 84 117 78 79 80 26 27 31 12 14 30 43 40 41 36 37 35 2 51 50 5 121 56 52 124 66 113 65 55 47 53 49 118 46 112 111 107 94 48 54 57 44 45 103 93 127 95 123 42 34 39 38 25 29 32 33 122 28 97 98 101 137624.99542480003
Metoda: 1000
Liczba iteracji bez poprawy: reverse
=========================
15 108 20 12 30 27 31 80 79 77 18 21 17 22 4 19 72 8 67 73 74 68 71 70 75 76 78 117 84 81 126 82 83 101 102 63 119 69 96 109 88 87 86 85 110 104 125 89 92 99 65 66 55 47 49 53 56 124 52 100 113 64 58 91 61 62 59 60 116 90 3 11 9 23 24 6 106 114 105 16 1 7 120 10 115 13 50 5 121 57 51 2 35 54 48 118 46 94 112 111 107 98 127 93 103 45 44 95 123 97 28 122 32 29 33 25 26 38 39 42 34 43 40 36 37 41 14 134036.9423443
Metoda: 1000
Liczba iteracji bez poprawy: reverse
=========================
67 68 71 70 75 76 78 117 84 81 126 82 83 101 102 63 119 69 96 109 88 87 86 85 110 104 125 89 92 99 65 113 64 58 91 100 3 90 61 62 59 60 116 8 9 11 6 106 114 105 7 120 10 115 13 50 5 52 124 66 55 56 121 54 57 51 2 1 16 35 40 42 38 39 34 43 36 37 41 14 30 26 25 33 122 28 123 95 103 44 45 94 48 118 53 47 49 46 112 111 107 93 127 98 97 32 29 80 79 27 31 12 15 108 24 23 4 20 17 21 22 19 72 18 77 74 73 133641.20520730005
Metoda: 1000
Liczba iteracji bez poprawy: reverse
=========================
49 53 47 55 66 65 125 92 99 89 113 64 58 91 61 62 90 116 9 8 72 21 17 22 20 31 27 79 80 78 76 68 77 18 74 73 67 60 59 104 110 85 86 87 88 119 63 96 109 71 70 69 75 117 84 81 126 82 83 102 101 98 97 32 29 28 122 33 25 26 38 39 42 34 30 41 43 40 35 36 37 14 12 105 114 6 106 15 108 4 19 23 24 11 3 100 10 115 13 120 7 1 16 2 51 50 5 52 124 56 121 57 54 44 45 103 95 123 127 93 107 111 112 94 46 48 118 135292.77026700007
Metoda: 1000
Liczba iteracji bez poprawy: reverse
=========================
24 23 108 20 17 22 4 19 21 18 77 74 68 73 67 72 8 9 11 116 90 61 62 60 59 110 71 70 69 75 76 78 79 31 30 41 36 37 35 44 45 103 40 43 34 39 38 42 123 95 93 127 98 97 28 122 33 32 29 25 26 27 80 117 84 81 126 82 83 101 102 63 119 96 109 88 87 86 85 104 99 92 89 125 91 58 64 100 3 10 13 115 113 65 66 55 124 52 5 50 121 56 47 53 49 118 48 46 112 111 107 94 54 57 51 2 16 14 12 15 105 1 7 120 114 106 6 138010.25411460001
Metoda: 1000
Liczba iteracji bez poprawy: reverse
=========================
11 9 24 23 4 22 19 72 8 67 59 62 91 61 60 116 90 3 120 114 105 7 1 16 41 36 37 35 44 45 103 40 42 38 39 34 43 30 14 12 79 80 31 27 26 25 33 122 28 29 32 98 97 123 95 93 127 107 111 112 94 46 48 118 49 53 47 54 57 121 56 124 52 5 51 2 50 13 115 10 100 58 64 66 55 65 113 125 89 92 99 104 86 88 87 85 110 71 70 69 109 96 119 63 102 101 83 82 126 81 84 117 78 76 75 68 73 74 77 18 21 17 20 108 15 106 6 128891.43243980003
Metoda: 1000
Liczba iteracji bez poprawy: reverse
=========================
19 72 18 77 76 69 75 126 82 83 81 84 117 78 79 80 27 26 38 25 29 32 33 122 28 97 98 101 102 63 119 96 88 87 86 85 110 109 70 71 68 74 73 67 8 9 11 116 60 90 3 10 100 64 58 91 61 62 59 104 125 113 89 92 99 65 66 55 47 53 49 118 48 46 94 112 111 107 127 93 95 123 103 45 44 40 42 39 34 43 41 36 37 35 2 51 57 54 121 56 124 52 5 50 115 13 120 7 1 16 14 30 31 12 20 108 15 106 105 114 6 24 23 4 22 17 21 130806.39819190008
Metoda: 1000
Liczba iteracji bez poprawy: reverse
=========================
76 75 69 70 68 71 110 85 86 87 88 109 96 119 63 102 101 98 127 93 95 123 97 28 122 33 32 29 25 26 38 39 42 34 43 40 35 51 121 56 57 54 44 103 45 94 107 111 112 46 118 48 53 49 47 55 66 65 99 92 89 104 125 113 124 52 5 50 115 10 100 3 11 90 116 60 58 64 91 61 62 59 67 73 74 77 18 21 17 22 19 72 8 9 6 24 23 4 108 20 12 15 106 114 105 7 120 13 2 1 16 14 37 36 41 30 27 31 79 80 78 117 83 82 126 81 84 133120.6609177001
Metoda: 1000
Liczba iteracji bez poprawy: reverse
=========================
37 41 14 12 20 17 18 21 22 4 23 19 72 67 8 9 11 24 108 15 106 6 114 105 1 16 2 50 115 13 7 120 10 3 90 116 60 59 62 61 91 100 58 64 125 89 92 99 104 110 85 86 87 88 109 96 70 71 68 73 74 77 79 80 78 76 69 75 117 84 81 126 83 82 119 63 102 101 98 127 93 95 123 97 28 122 32 29 33 25 26 27 31 30 38 39 42 34 43 40 44 103 45 54 47 53 49 118 48 46 94 107 111 112 65 113 66 55 124 52 5 56 121 57 51 35 36 134119.85092650002
Metoda: 1000
Liczba iteracji bez poprawy: reverse
=========================
83 32 29 25 33 122 28 97 123 95 93 103 44 40 35 37 36 41 14 12 30 43 34 42 39 38 26 27 31 80 79 77 18 74 73 67 8 72 19 23 9 11 24 4 22 21 17 20 108 6 106 15 105 114 7 1 16 2 50 115 13 120 10 3 100 64 58 91 61 90 116 60 62 59 104 125 89 92 99 65 113 66 55 124 52 5 56 121 51 57 54 45 47 49 53 48 118 46 94 112 111 107 127 98 101 102 63 119 96 109 88 87 86 85 110 71 68 70 69 75 76 78 117 84 81 126 82 124985.60417460003
Metoda: 1000
Liczba iteracji bez poprawy: reverse
=========================
110 109 96 69 70 71 104 125 89 92 99 65 113 66 55 47 49 53 118 46 112 111 107 127 93 103 45 94 48 56 54 44 35 40 41 36 37 16 1 7 120 10 115 13 50 2 51 57 121 5 124 52 100 64 58 91 61 59 62 60 116 90 3 114 105 15 106 6 11 9 24 23 4 108 20 22 19 8 72 21 17 80 79 77 18 74 73 67 68 75 76 78 117 84 81 126 82 83 32 29 25 38 39 42 34 43 14 12 31 27 30 26 28 122 33 123 95 97 98 101 102 63 119 88 87 86 85 135059.2569676001
Metoda: 1000
Liczba iteracji bez poprawy: reverse
=========================
92 89 125 113 64 58 100 91 61 62 60 116 90 3 10 115 50 13 120 11 9 114 105 15 106 6 108 24 23 4 22 19 8 72 21 17 20 31 27 80 79 18 77 76 78 117 84 81 75 69 70 71 68 74 73 67 59 104 110 85 86 87 88 109 96 119 63 102 101 83 82 126 32 29 25 33 122 28 42 34 39 38 26 30 12 14 16 1 7 2 51 5 52 56 121 57 54 35 37 36 41 43 40 44 45 103 95 123 97 98 127 93 107 111 112 94 46 48 118 49 53 47 124 55 66 65 99 130764.48381750003
Metoda: 1000
Liczba iteracji bez poprawy: reverse
=========================
39 38 28 122 32 29 33 25 26 30 41 36 35 37 14 12 20 108 15 106 6 11 9 24 23 4 22 21 19 72 8 67 59 60 116 90 3 100 10 115 13 120 114 105 7 1 16 2 51 50 52 124 56 5 121 57 54 53 48 118 46 49 47 55 66 113 64 58 91 61 62 125 65 99 92 89 104 110 71 68 73 74 77 18 17 31 27 80 79 78 76 75 69 70 109 85 86 87 88 96 119 63 84 117 81 126 82 83 102 101 98 97 123 95 127 107 111 112 94 93 103 45 44 40 43 34 42 134603.83231130004
Metoda: 1000
Liczba iteracji bez poprawy: reverse
=========================
126 82 83 101 102 63 119 96 109 88 87 86 85 104 110 71 68 70 69 75 74 73 67 8 19 72 18 77 21 17 22 4 23 24 9 11 90 116 60 59 62 61 91 58 64 100 3 10 115 50 13 120 114 6 108 20 15 106 105 7 1 16 41 14 12 31 27 30 26 38 39 42 34 43 40 35 36 37 2 51 57 121 56 5 52 124 113 125 89 92 99 65 66 55 47 54 44 103 45 94 48 118 53 49 46 112 111 107 127 93 95 123 98 97 28 122 32 29 33 25 80 79 76 78 117 84 81 129049.83229680006
Metoda: 1000
Liczba iteracji bez poprawy: reverse
=========================
61 91 58 64 100 90 3 11 9 6 106 15 114 105 1 16 12 14 41 30 27 31 79 80 78 76 68 73 74 77 18 72 21 17 20 108 24 23 4 22 19 8 67 71 110 85 86 87 88 109 96 70 69 75 117 84 81 126 83 82 119 63 102 101 98 97 32 29 25 26 38 33 122 28 123 95 127 93 103 45 44 42 39 34 43 40 35 36 37 2 51 13 7 120 10 115 50 5 52 124 56 121 57 54 47 49 53 48 118 46 94 107 111 112 55 66 113 65 99 92 89 125 104 59 62 60 116 134764.36232070002
Metoda: 1000
Liczba iteracji bez poprawy: reverse
=========================
124 52 5 56 121 57 54 47 53 49 118 48 46 94 112 111 107 127 93 95 123 122 33 25 26 38 39 42 34 40 103 45 44 51 50 115 13 120 7 1 16 2 35 37 36 43 30 41 14 12 31 27 80 79 20 108 4 22 17 21 18 77 78 117 84 81 126 82 83 32 29 28 97 98 101 102 63 119 88 87 86 85 109 96 69 75 76 74 73 68 70 71 110 104 125 89 92 99 65 113 64 58 91 61 90 116 60 62 59 67 8 72 19 23 24 9 11 6 106 15 105 114 3 10 100 66 55 131180.2977246001
Metoda: 1000
Liczba iteracji bez poprawy: reverse
=========================
97 98 127 93 107 111 112 94 46 48 118 49 53 47 54 45 103 44 40 35 37 36 41 14 12 16 1 2 51 57 121 56 5 52 124 55 66 65 99 92 89 104 125 113 64 58 91 61 62 59 60 116 90 9 11 3 100 10 120 115 50 13 7 114 105 15 106 6 24 23 8 67 68 75 69 70 71 110 85 86 87 88 109 96 119 63 102 101 83 82 126 81 84 117 78 76 74 73 72 19 22 4 108 20 17 21 18 77 79 80 31 27 30 43 34 26 25 29 32 33 122 28 38 39 42 95 123 127318.44810740007
Metoda: 1000
Liczba iteracji bez poprawy: reverse
=========================
64 113 125 104 89 92 99 65 66 100 3 10 120 13 115 50 51 2 16 1 7 105 106 15 12 31 79 80 27 30 14 41 36 37 35 54 57 121 56 5 52 124 55 47 49 53 48 118 46 94 112 111 107 127 93 103 45 44 40 43 34 42 39 38 26 25 33 29 32 122 28 95 123 97 98 101 102 63 119 96 88 87 86 85 110 109 69 70 71 68 73 74 76 75 126 82 83 81 84 117 78 77 18 21 17 20 108 6 114 11 9 24 23 4 22 19 72 8 67 116 90 60 59 62 61 91 58 128959.1371825001
Metoda: 1000
Liczba iteracji bez poprawy: reverse
=========================
6 24 23 4 22 19 72 21 17 18 77 74 68 69 75 76 78 117 84 81 126 82 83 32 29 25 33 122 28 95 123 97 98 101 102 63 119 96 88 87 86 85 110 109 70 71 73 67 8 9 11 114 7 13 115 120 10 3 90 116 60 62 59 104 125 89 92 99 65 113 64 58 91 61 100 66 55 52 124 47 49 53 48 118 46 94 112 111 107 127 93 103 45 44 54 57 121 56 5 50 51 2 35 40 36 37 41 30 43 34 42 39 38 26 27 31 80 79 12 14 16 1 105 15 20 108 106 129163.655768reverse3
Metoda: 1000
Liczba iteracji bez poprawy: reverse
=========================
89 125 104 110 85 86 87 88 109 70 71 68 67 73 74 18 77 76 78 117 84 81 83 82 126 75 69 96 119 63 102 101 32 29 33 122 28 123 97 98 127 107 111 112 94 46 49 118 48 45 103 93 95 44 57 54 53 47 55 66 124 52 56 5 121 51 50 13 115 10 120 114 105 7 1 16 2 35 40 34 42 39 38 25 26 27 80 79 31 12 30 43 36 37 41 14 15 106 6 11 9 24 108 20 17 21 22 4 23 19 72 8 90 116 60 59 62 61 91 3 100 58 64 113 65 99 92 137211.8469944001
Metoda: 1000
Liczba iteracji bez poprawy: reverse
=========================
66 113 65 99 92 89 125 104 110 85 86 87 88 109 96 119 63 102 101 83 82 126 81 84 117 78 76 75 69 70 71 68 67 73 74 77 79 80 31 27 30 26 38 39 42 34 43 40 35 37 36 41 14 12 17 21 18 72 8 19 23 4 22 20 108 15 105 106 6 24 9 11 114 7 120 10 3 90 116 60 59 62 61 91 58 64 100 115 13 1 16 2 51 50 121 57 54 44 45 103 95 123 28 122 33 25 29 32 97 98 127 93 107 111 112 94 46 118 48 53 49 47 56 5 52 124 55 124122.55840130003
Metoda: 1000
Liczba iteracji bez poprawy: reverse
=========================
49 47 56 121 5 52 124 55 66 65 99 92 89 104 125 113 64 58 91 62 59 60 61 100 115 13 50 2 1 16 37 36 35 51 57 54 45 103 44 40 42 38 39 34 43 30 41 14 12 31 27 26 25 33 122 28 29 32 80 79 78 117 83 82 126 81 84 76 73 74 77 18 17 20 108 24 23 4 22 21 19 72 8 9 11 6 106 15 105 114 7 120 10 3 90 116 67 71 68 75 69 70 96 109 110 85 86 87 88 119 63 102 101 98 97 123 95 93 127 107 111 112 94 46 118 48 53 129026.8063183
Metoda: 1000
Liczba iteracji bez poprawy: reverse
=========================
118 48 46 94 107 111 112 65 99 92 89 125 113 66 64 58 91 100 3 90 116 60 61 62 59 104 110 85 86 87 88 109 96 119 63 102 101 83 82 126 81 84 117 78 76 75 69 70 71 68 74 73 67 8 72 19 4 22 17 21 18 77 79 80 25 33 29 32 122 28 42 34 39 38 26 27 31 30 43 40 123 97 98 127 93 95 103 45 44 54 57 51 2 1 16 37 35 36 41 14 12 20 108 24 23 9 11 6 106 15 105 114 7 120 10 115 13 50 5 121 56 52 124 55 47 53 49 130236.1904984001
Metoda: 1000
Liczba iteracji bez poprawy: reverse
=========================
104 125 89 92 99 65 66 55 124 52 5 56 47 49 53 48 118 46 94 112 111 107 127 93 95 123 97 98 101 102 83 82 126 81 84 117 32 29 28 122 33 25 38 26 27 30 34 39 42 43 40 44 103 45 54 57 121 51 2 35 37 36 41 14 12 31 20 17 21 22 4 23 24 108 6 106 15 105 114 7 1 16 50 115 13 120 10 100 113 64 58 91 61 62 60 59 71 70 68 74 73 67 116 90 3 11 9 8 19 72 18 77 79 80 78 76 75 69 63 119 96 109 88 87 86 85 110 126806.17199540013
Metoda: 1000
Liczba iteracji bez poprawy: reverse
=========================
45 54 57 51 50 2 37 41 14 12 16 1 105 7 120 13 115 52 124 5 121 56 53 49 47 55 66 113 65 99 92 89 125 104 85 86 87 88 109 110 71 70 68 74 73 67 59 62 61 91 64 58 60 116 90 3 100 10 11 9 114 15 106 6 24 23 8 72 19 22 4 108 20 17 21 18 77 76 75 69 96 119 63 102 101 83 82 126 81 84 117 78 80 79 31 27 30 39 38 26 25 29 32 33 122 28 97 98 123 95 127 107 111 112 46 118 48 94 93 42 34 43 36 35 40 44 103 133603.95290629996
Metoda: 1000
Liczba iteracji bez poprawy: reverse
=========================
83 102 101 32 29 33 122 28 97 98 127 93 95 123 42 39 38 25 26 27 30 34 43 40 35 37 36 41 14 16 1 7 120 13 2 51 121 57 54 44 103 45 94 107 111 112 46 118 48 53 49 47 55 66 124 52 56 5 50 115 10 114 105 15 106 6 9 11 3 90 100 58 64 113 65 99 92 89 125 91 61 62 116 60 59 104 110 85 86 87 88 109 96 119 63 69 75 76 77 18 74 68 70 71 73 67 8 72 19 23 24 108 4 22 21 17 20 12 31 79 80 78 117 84 81 126 82 135654.6426169001
Metoda: 1000
Liczba iteracji bez poprawy: reverse
=========================
118 49 47 55 66 124 52 5 56 53 48 45 44 54 57 121 51 2 1 105 15 106 6 114 7 120 13 50 115 10 3 11 9 23 24 108 4 22 19 72 8 67 73 18 21 17 20 12 14 16 37 35 36 41 30 43 40 34 42 39 38 26 25 33 122 28 29 32 117 84 81 83 82 126 75 76 78 80 27 31 79 77 74 68 69 70 71 59 62 60 116 90 61 91 100 58 64 113 65 99 92 89 125 104 110 85 86 87 88 109 96 119 63 102 101 98 97 123 95 103 93 127 107 111 112 94 46 131143.88842840004
Metoda: 1000
Liczba iteracji bez poprawy: reverse
=========================
79 31 12 14 41 37 36 40 35 16 2 51 57 54 44 45 103 93 127 107 111 112 94 46 118 48 53 49 47 56 121 5 52 124 55 66 113 65 99 92 89 125 64 58 100 91 61 62 90 116 60 59 104 110 85 86 87 88 109 96 69 70 71 68 75 76 74 73 67 8 72 19 22 4 23 24 9 11 3 10 115 50 13 120 7 1 105 114 6 106 15 108 20 17 21 18 77 78 117 84 81 126 83 82 119 63 102 101 98 97 123 95 28 122 32 29 33 25 26 38 39 42 34 43 30 27 80 127653.35820640005
Metoda: 1000
Liczba iteracji bez poprawy: reverse
=========================
2 51 121 56 5 52 124 66 55 47 49 53 54 57 44 103 45 48 118 46 94 112 111 107 127 93 95 40 42 123 97 98 101 102 83 82 126 81 84 117 32 29 28 122 33 25 26 38 39 34 43 36 35 37 41 14 30 27 31 12 20 17 21 22 4 19 72 8 73 74 18 77 79 80 78 76 75 69 63 119 96 88 87 86 85 110 109 70 71 68 67 116 90 60 61 91 62 59 104 125 89 92 99 65 113 64 58 100 10 115 50 13 7 120 3 11 9 23 24 108 15 106 6 114 105 1 16 130588.97121870011
Metoda: 1000
Liczba iteracji bez poprawy: reverse
=========================
35 57 54 44 103 45 94 107 111 112 46 48 118 49 53 47 56 52 124 55 66 113 65 99 92 89 125 104 110 85 86 87 88 109 96 119 63 69 75 76 68 70 71 74 73 67 9 11 3 90 116 60 59 62 61 91 58 64 100 10 120 13 115 50 5 121 51 2 16 1 7 105 114 6 106 15 108 20 17 21 22 4 24 23 19 8 72 18 77 31 27 80 79 78 117 84 81 126 82 83 102 101 98 97 123 95 127 93 42 28 122 32 29 33 25 26 38 39 34 43 30 12 14 41 37 36 40 129306.01350350013
Metoda: 1000
Liczba iteracji bez poprawy: reverse
=========================
91 61 62 59 60 90 116 67 73 74 68 71 110 109 88 87 86 85 104 89 92 99 65 66 55 124 52 5 50 13 115 10 120 7 105 106 6 108 20 15 1 16 2 51 121 56 47 49 46 118 48 53 54 57 44 45 103 93 94 112 111 107 127 95 123 38 26 25 29 32 33 122 28 97 98 101 102 83 82 63 119 96 70 69 75 126 81 84 117 78 76 77 79 80 27 30 41 43 34 39 42 40 35 36 37 14 12 31 17 22 21 18 72 8 19 4 23 24 9 11 114 3 100 58 64 113 125 136714.9195108001
Metoda: 1000
Liczba iteracji bez poprawy: reverse
=========================
43 30 34 42 39 38 26 27 31 12 20 108 6 106 15 14 41 36 37 35 54 53 47 55 124 52 5 56 121 57 51 2 16 1 105 114 7 120 13 50 115 10 3 11 9 24 23 8 72 19 4 22 17 21 18 74 73 67 59 62 60 116 90 61 91 58 64 100 66 65 99 92 89 113 125 104 110 85 86 87 88 96 109 71 68 70 69 75 119 63 102 101 83 82 126 81 84 117 78 76 77 79 80 25 29 32 33 122 28 97 98 123 95 93 127 107 111 112 94 46 49 118 48 45 103 44 40 131112.63369349999
Metoda: 1000
Liczba iteracji bez poprawy: reverse
=========================
15 106 6 24 9 11 3 114 105 16 1 7 120 10 100 90 116 60 62 61 91 58 64 113 66 65 99 92 89 125 104 59 110 85 86 87 88 109 96 119 63 102 101 98 97 123 95 93 127 107 111 112 46 94 45 103 44 54 48 118 49 53 47 55 124 52 56 5 50 115 13 2 51 121 57 35 40 36 37 41 14 12 31 27 30 43 34 42 39 38 26 33 122 28 32 29 25 80 79 78 117 84 81 83 82 126 75 69 70 71 68 76 77 18 74 73 67 8 72 19 23 4 22 21 17 20 108 128555.580171reverse5
Metoda: 1000
Liczba iteracji bez poprawy: reverse
=========================
10 120 13 115 50 5 56 121 2 51 57 54 44 103 45 53 48 94 107 111 112 46 118 49 47 124 52 55 66 65 99 92 89 104 125 113 64 58 100 91 61 90 116 60 62 59 67 73 74 68 69 70 71 110 85 86 87 88 109 96 119 63 75 76 78 117 84 81 126 82 83 102 101 98 127 93 95 123 97 28 122 32 29 33 25 26 38 39 42 34 43 40 35 36 37 16 1 7 114 105 15 106 6 24 23 108 20 17 12 14 41 30 27 31 80 79 77 18 21 22 4 19 72 8 9 11 3 128455.18625620009
Metoda: 1000
Liczba iteracji bez poprawy: reverse
=========================
79 77 18 72 8 9 11 114 105 7 120 2 51 57 121 56 124 52 5 50 13 115 10 100 3 90 116 60 62 61 91 58 64 113 125 59 67 73 74 68 71 70 69 75 63 119 96 109 88 87 86 85 110 104 89 92 99 65 66 55 47 53 49 46 112 111 107 94 118 48 54 44 45 103 93 127 95 40 35 37 36 41 16 1 15 106 6 108 24 23 4 22 19 21 17 20 12 14 30 31 27 26 43 34 42 39 38 25 33 29 32 122 28 123 97 98 101 102 83 82 126 81 84 117 76 78 80 132470.97498380006
Metoda: 1000
Liczba iteracji bez poprawy: reverse
=========================
35 37 36 41 30 26 27 31 12 14 16 1 2 50 115 52 124 64 58 100 10 13 120 7 105 106 15 108 6 114 11 9 24 23 4 20 17 21 22 19 8 72 18 74 73 68 70 69 75 76 77 79 80 78 117 84 81 126 82 83 98 101 102 63 119 96 109 88 87 86 85 110 71 67 3 90 116 60 61 91 62 59 104 125 89 92 99 65 113 66 55 47 56 5 121 51 57 54 48 118 53 49 46 94 112 111 107 127 93 95 123 97 28 122 33 32 29 25 38 39 42 34 43 40 103 45 44 131414.69083550005
Metoda: 1000
Liczba iteracji bez poprawy: reverse
=========================
39 42 34 30 27 31 80 79 77 18 74 73 67 68 70 71 59 62 61 91 58 64 100 90 60 116 8 72 19 4 22 21 17 20 108 24 23 9 11 3 10 115 50 13 120 7 105 114 6 106 15 1 16 12 14 41 37 36 43 40 44 103 45 54 57 35 2 51 5 121 56 52 124 55 66 65 99 92 89 113 125 104 110 85 86 87 88 109 96 119 63 69 75 76 78 117 84 81 126 82 83 102 101 98 127 107 111 112 46 49 47 53 118 48 94 93 95 123 97 28 122 32 29 33 25 26 38 130783.34174520004
Metoda: 1000
Liczba iteracji bez poprawy: reverse
=========================
65 66 55 124 52 56 47 53 49 118 48 46 94 112 111 107 127 93 95 123 42 39 34 30 27 26 38 25 29 32 33 122 28 97 98 101 102 83 82 126 81 84 117 75 70 69 63 119 96 109 88 87 86 85 110 71 68 73 74 18 77 76 78 80 79 31 12 14 41 43 40 36 37 35 44 103 45 54 57 121 5 51 2 16 1 13 50 115 100 10 120 7 105 106 15 20 17 21 72 67 8 19 22 4 23 24 108 6 114 11 9 3 90 116 60 58 64 91 61 62 59 104 99 92 89 125 113 129614.28925680007
Metoda: 1000
Liczba iteracji bez poprawy: reverse
=========================
125 104 85 86 87 88 119 63 96 109 110 71 70 68 73 74 18 77 79 80 17 20 12 31 27 30 14 41 36 37 35 40 43 34 42 39 38 26 25 33 122 28 29 32 117 78 76 69 75 84 81 126 82 83 102 101 98 97 123 95 44 54 45 103 93 127 107 111 112 94 46 48 118 49 53 47 55 66 124 52 5 56 121 57 51 50 2 16 1 105 114 7 13 115 120 10 3 11 9 23 24 6 106 15 108 4 22 21 19 72 8 67 59 62 60 116 90 61 91 100 58 64 113 65 99 92 89 128385.49714790008
Metoda: 1000
Liczba iteracji bez poprawy: reverse
=========================
28 97 123 95 103 45 44 35 36 37 16 41 14 12 31 27 30 34 43 40 42 39 38 26 25 80 79 78 117 81 84 76 74 72 77 18 21 17 20 108 4 22 19 8 67 73 68 71 70 75 69 96 63 119 109 85 86 88 87 110 104 125 113 89 92 99 65 66 55 124 52 5 56 121 50 115 13 120 10 100 64 58 91 61 62 59 60 116 90 3 11 9 23 24 6 106 15 105 114 7 1 2 51 57 54 47 49 53 48 118 46 94 112 111 107 93 127 98 101 102 83 82 126 32 29 33 122 135820.23127400008
Metoda: 1000
Liczba iteracji bez poprawy: reverse
=========================
123 103 45 44 35 2 50 13 115 10 120 7 114 6 106 105 1 16 37 36 40 42 39 34 43 41 14 12 20 15 108 24 4 22 21 17 31 27 30 38 26 25 33 29 32 122 28 97 98 101 102 83 82 126 63 119 96 88 87 86 85 110 109 70 69 75 76 84 81 117 78 80 79 77 18 74 68 71 73 67 8 72 19 23 9 11 3 100 90 116 60 59 62 61 91 58 64 113 125 104 89 92 99 65 66 55 124 52 5 56 121 51 57 54 47 49 53 48 118 46 94 112 111 107 127 93 95 129632.47471120006
Metoda: 1000
Liczba iteracji bez poprawy: reverse
=========================
122 28 95 123 97 98 32 29 33 25 26 38 30 41 14 12 31 27 80 79 77 18 74 73 67 68 71 70 69 75 76 78 117 84 81 126 82 83 101 102 63 119 96 109 88 87 86 85 110 59 60 116 90 62 61 91 100 58 64 113 125 104 89 92 99 65 66 55 49 46 112 111 107 127 93 94 48 118 53 47 124 52 56 121 54 45 103 44 57 51 2 50 5 115 13 7 120 10 3 11 9 8 72 19 23 4 22 21 17 20 108 24 6 106 15 114 105 1 16 37 36 35 40 43 34 39 42 129810.76545370009
Metoda: 1000
Liczba iteracji bez poprawy: reverse
=========================
111 107 127 93 95 123 97 98 101 102 83 82 126 81 84 117 75 68 67 73 74 18 77 76 78 79 80 25 29 32 28 122 33 26 38 39 42 34 43 30 27 31 20 17 21 72 8 19 22 4 23 24 9 11 3 90 116 60 61 91 62 59 110 71 70 69 63 119 96 109 88 87 86 85 104 125 89 92 99 65 113 64 58 100 10 120 13 115 50 51 2 16 1 7 105 114 106 6 108 15 12 14 41 36 37 35 40 44 103 45 54 57 121 56 5 52 124 66 55 47 49 53 48 118 46 94 112 126150.26330460008
Metoda: 1000
Liczba iteracji bez poprawy: reverse
=========================
82 63 102 101 98 97 28 122 33 123 95 103 45 44 40 43 34 42 39 38 26 25 29 32 117 78 76 77 18 79 80 27 31 12 16 14 30 41 36 37 35 2 1 7 105 106 15 108 20 17 21 72 74 73 67 8 19 22 4 23 24 6 9 11 114 120 13 115 50 51 121 5 52 56 57 54 118 48 93 127 107 111 112 94 46 49 53 47 124 55 66 113 64 58 100 10 3 90 116 60 59 62 61 91 125 89 65 99 92 104 110 85 86 87 88 109 96 119 69 70 71 68 75 84 81 126 83 138501.0560072001
Metoda: 1000
Liczba iteracji bez poprawy: reverse
=========================
112 94 46 118 49 53 48 93 103 45 44 54 57 51 121 56 5 52 124 47 55 66 113 65 99 92 89 125 104 59 62 60 116 90 61 91 58 64 100 3 10 115 50 13 120 7 105 114 11 9 24 6 106 15 14 12 17 20 108 23 4 22 21 19 8 72 18 77 79 80 31 27 30 41 36 37 16 1 2 35 40 43 34 42 39 38 26 25 33 122 28 29 32 83 82 126 81 84 117 78 76 74 73 67 68 70 71 110 85 86 87 88 109 96 69 75 119 63 102 101 98 97 123 95 127 107 111 129186.96416680004
Metoda: 1000
Liczba iteracji bez poprawy: reverse
=========================
28 122 32 29 33 25 26 27 31 30 12 14 16 1 7 13 50 115 10 100 90 60 116 3 120 114 105 15 106 6 108 20 17 22 4 23 24 11 9 8 72 19 21 18 79 80 78 117 84 81 126 83 82 75 69 70 68 76 77 74 73 67 59 62 61 91 58 64 125 89 92 99 104 71 110 85 86 87 88 109 96 119 63 102 101 98 97 123 95 93 127 107 111 112 94 46 48 118 49 53 47 55 65 113 66 124 52 5 56 121 2 51 57 54 45 103 44 40 35 37 36 41 43 34 42 39 38 129988.18894700003
Metoda: 1000
Liczba iteracji bez poprawy: reverse
=========================
45 44 54 57 56 124 52 100 64 58 91 61 62 59 60 116 90 3 10 115 13 50 5 121 51 2 35 36 37 16 1 7 120 105 114 11 9 6 106 15 108 20 22 4 24 23 8 67 73 74 72 19 21 17 18 77 76 78 80 79 31 12 14 41 43 40 42 38 39 34 30 27 26 25 33 122 28 29 32 97 98 101 102 83 82 126 81 84 117 75 69 68 71 70 109 96 63 119 88 87 86 85 110 104 125 89 92 99 65 113 66 55 47 53 49 118 48 46 112 111 107 94 93 127 123 95 103 130819.21587980005
Metoda: 1000
Liczba iteracji bez poprawy: reverse
=========================
97 98 101 102 83 82 126 81 63 119 69 96 109 88 87 86 85 110 71 68 70 75 84 117 78 76 74 73 67 8 72 18 77 79 80 27 31 12 14 41 30 43 36 37 35 51 2 16 1 7 120 114 105 6 106 15 20 17 21 19 22 4 108 24 23 9 11 3 90 116 60 61 91 62 59 104 99 92 89 125 113 64 58 100 10 115 13 50 5 52 124 66 65 55 47 56 121 57 54 53 49 118 48 46 94 112 111 107 127 93 95 103 45 44 40 34 42 39 38 26 25 33 29 32 122 28 123 132759.76623560002
Metoda: 1000
Liczba iteracji bez poprawy: reverse
=========================
53 49 118 48 46 94 112 111 107 127 93 95 123 98 97 28 122 33 32 29 25 26 27 31 38 39 34 42 103 45 44 54 35 40 43 30 41 36 37 14 12 16 1 105 114 6 106 15 20 108 4 22 17 21 72 18 77 74 73 68 75 76 79 80 78 117 84 81 126 82 83 101 102 63 119 96 69 70 71 110 109 88 87 86 85 104 125 89 92 99 65 113 64 58 100 91 61 90 116 60 62 59 67 8 19 23 24 9 11 3 10 120 7 13 115 50 2 51 57 121 56 5 52 124 66 55 47 127794.37333030008
Metoda: 1000
Liczba iteracji bez poprawy: reverse
=========================
125 104 110 85 86 87 88 109 96 119 63 75 69 70 71 68 76 78 117 84 81 126 82 83 102 101 98 97 123 95 93 127 107 111 112 94 46 118 49 47 53 48 45 103 44 54 57 51 2 1 16 14 12 31 27 30 41 36 37 35 40 43 34 42 39 38 26 33 122 28 32 29 25 80 79 77 18 74 73 67 8 72 19 23 24 4 22 21 17 20 108 6 9 11 114 106 15 105 7 120 13 115 50 5 121 56 52 124 55 66 100 10 3 90 116 60 59 62 61 91 58 64 113 65 99 92 89 121884.73408420008
Metoda: reverse
Liczba iteracji bez poprawy: 30000
=========================
79 77 18 72 19 23 24 11 9 8 67 73 74 68 71 70 69 75 76 78 117 84 81 126 82 83 101 102 63 119 96 109 88 87 86 85 110 104 125 89 92 99 65 113 66 55 124 52 5 56 47 49 53 48 118 46 94 112 111 107 127 93 95 123 97 98 32 29 28 122 33 25 26 38 39 42 34 43 30 41 14 16 2 35 37 36 40 44 103 45 54 57 121 51 50 13 115 10 100 64 58 91 61 62 59 60 116 90 3 120 7 1 105 114 6 106 15 108 4 22 21 17 20 12 31 27 80 120860.96941040008
Metoda: reverse
Liczba iteracji bez poprawy: 30000