
=========================
105 114 11 9 3 90 116 60 59 62 61 91 100 58 64 113 125 104 89 92 99 65 66 55 124 52 5 121 56 47 49 53 48 118 46 94 112 111 107 127 93 95 123 97 98 101 102 63 119 96 109 88 87 86 85 110 71 68 70 69 75 82 83 126 81 84 117 78 76 77 79 80 31 27 30 26 25 33 29 32 122 28 38 39 42 34 43 40 44 103 45 54 57 51 2 50 13 115 10 120 7 1 16 37 35 36 41 14 12 20 17 21 18 74 73 67 8 72 19 22 4 23 24 108 6 106 15 
Najlepsza odleglosc: 122233.34644239354
Poczatkowa temparatura: 10000
Wsp. chlodzenia: 0.003
Liczba iteracji dla jednej temperatury: 100
Minimalna temperatura: 0.11
Metoda: reverse
=========================
105 114 11 9 3 90 116 60 59 62 61 91 100 58 64 113 125 104 89 92 99 65 66 55 124 52 5 121 56 47 49 53 48 118 46 94 112 111 107 127 93 95 123 97 98 101 102 63 119 96 109 88 87 86 85 110 71 68 70 69 75 82 83 126 81 84 117 78 76 77 79 80 31 27 30 26 25 33 29 32 122 28 38 39 42 34 43 40 44 103 45 54 57 51 2 50 13 115 10 120 7 1 16 37 35 36 41 14 12 20 17 21 18 74 73 67 8 72 19 22 4 23 24 108 6 106 15 
Najlepsza odleglosc: 122233.34644239354
Poczatkowa temparatura: 10000
Wsp. chlodzenia: 0.003
Liczba iteracji dla jednej temperatury: 100
Minimalna temperatura: 0.11
Metoda: reverse
=========================
114 105 7 1 16 2 37 36 35 40 44 103 45 54 57 51 121 56 124 52 5 50 115 13 120 10 3 100 64 58 91 61 90 116 60 62 59 104 125 89 92 99 65 113 66 55 47 49 53 48 118 46 94 112 111 107 127 93 95 123 98 97 28 122 32 29 33 25 26 38 39 42 34 43 30 41 14 12 31 27 80 79 76 75 78 117 84 81 126 82 83 101 102 63 119 88 87 86 85 110 109 96 69 70 71 68 67 73 74 77 18 21 19 72 8 9 11 24 23 4 22 17 20 108 15 106 6 
Najlepsza odleglosc: 122009.20782589412
Poczatkowa temparatura: 10000
Wsp. chlodzenia: 0.003
Liczba iteracji dla jednej temperatury: 100
Minimalna temperatura: 0.11
Metoda: reverse
=========================
16 14 12 20 17 21 22 4 19 8 72 18 77 79 80 31 27 30 41 36 37 35 40 43 34 42 39 38 26 25 33 122 28 29 32 98 97 123 95 93 127 107 111 112 94 46 49 47 53 118 48 45 103 44 54 57 51 2 13 120 10 115 50 121 56 5 52 124 55 66 113 65 99 92 89 125 104 110 85 86 87 88 109 96 119 63 102 101 83 82 126 81 84 117 78 76 75 69 70 71 68 74 73 67 116 90 60 59 62 61 91 58 64 100 3 11 9 23 24 108 15 106 6 114 105 7 1 
Najlepsza odleglosc: 120123.83613180136
Poczatkowa temparatura: 10000
Wsp. chlodzenia: 0.003
Liczba iteracji dla jednej temperatury: 100
Minimalna temperatura: 0.11
Metoda: reverse
=========================

=========================
38 28 122 32 29 33 25 26 27 31 80 79 77 18 72 8 67 73 74 68 71 70 69 75 76 78 117 84 81 126 82 83 101 102 63 119 96 109 88 87 86 85 110 104 125 89 92 99 65 113 64 58 100 91 61 62 59 60 116 90 3 10 120 13 115 50 121 56 5 52 124 66 55 47 49 53 48 118 46 94 112 111 107 127 98 97 123 95 93 103 45 44 54 57 51 2 16 1 7 105 114 11 9 24 23 4 22 19 21 17 20 108 6 106 15 12 14 30 41 36 37 35 40 43 34 42 39 
Najlepsza odleglosc: 119576.51883348526
Poczatkowa temparatura: 10000
Wsp. chlodzenia: 0.003
Liczba iteracji dla jednej temperatury: 10000
Minimalna temperatura: 0.11
Metoda: reverse
=========================
117 84 81 126 82 83 101 102 63 119 96 109 88 87 86 85 110 104 125 89 92 99 65 113 66 55 47 49 53 48 118 46 94 112 111 107 127 93 95 123 97 98 32 29 28 122 33 25 26 38 39 42 34 43 40 35 37 36 41 14 12 30 27 31 80 79 77 18 72 8 19 23 4 22 21 17 20 108 15 106 6 24 9 11 114 105 7 1 16 2 51 44 103 45 54 57 121 56 124 52 5 50 115 13 120 10 3 100 64 58 91 61 90 116 60 62 59 67 73 74 68 71 70 69 75 76 78 
Najlepsza odleglosc: 118727.6550845077
Poczatkowa temparatura: 10000
Wsp. chlodzenia: 0.003
Liczba iteracji dla jednej temperatury: 10000
Minimalna temperatura: 0.11
Metoda: reverse
=========================
117 84 81 126 82 83 102 101 98 97 123 95 93 127 107 111 112 94 46 118 48 53 49 47 55 66 113 65 99 92 89 125 104 110 85 86 87 88 109 96 119 63 69 70 71 68 75 76 77 18 74 73 67 8 72 19 23 24 4 22 21 17 20 108 6 106 15 105 114 11 9 3 90 116 60 59 62 61 91 58 64 100 10 115 13 120 7 1 16 2 51 50 5 52 124 56 121 57 54 45 103 44 40 35 37 36 41 14 12 30 43 34 42 39 38 28 122 32 29 33 25 26 27 31 79 80 78 
Najlepsza odleglosc: 120045.13627421281
Poczatkowa temparatura: 10000
Wsp. chlodzenia: 0.003
Liczba iteracji dla jednej temperatury: 10000
Minimalna temperatura: 0.11
Metoda: reverse
=========================
70 69 75 81 84 117 78 76 77 18 79 80 31 27 26 25 33 29 32 122 28 38 39 42 34 43 30 12 14 41 36 37 35 40 44 103 45 54 57 121 56 5 52 124 66 55 47 49 53 48 118 46 94 112 111 107 127 93 95 123 97 98 101 102 83 82 126 63 119 96 109 88 87 86 85 110 104 125 89 92 99 65 113 64 58 100 91 61 62 59 60 116 90 3 10 120 13 115 50 51 2 16 1 7 105 114 11 9 24 6 106 15 108 20 17 21 22 4 23 19 72 8 67 73 74 68 71 
Najlepsza odleglosc: 119609.96252933856
Poczatkowa temparatura: 10000
Wsp. chlodzenia: 0.003
Liczba iteracji dla jednej temperatury: 10000
Minimalna temperatura: 0.11
Metoda: reverse