
=========================
76 75 69 96 85 86 87 88 119 63 102 101 98 97 123 95 44 57 51 2 14 80 78 117 83 82 126 81 84 79 20 108 6 106 15 105 114 11 9 59 62 61 91 58 64 113 125 92 89 65 99 104 110 109 70 71 68 67 8 23 24 4 22 21 19 72 73 74 77 18 17 31 27 30 41 43 34 26 25 33 29 32 122 28 38 39 42 40 35 36 37 16 13 115 50 121 5 56 47 54 45 103 93 127 107 111 112 94 46 118 48 53 49 55 66 124 52 100 60 116 90 3 10 120 7 1 12 144368.59691620123
=========================
76 75 69 96 85 86 87 88 119 63 102 101 98 97 123 95 44 57 51 2 14 80 78 117 83 82 126 81 84 79 20 108 6 106 15 105 114 11 9 59 62 61 91 58 64 113 125 92 89 65 99 104 110 109 70 71 68 67 8 23 24 4 22 21 19 72 73 74 77 18 17 31 27 30 41 43 34 26 25 33 29 32 122 28 38 39 42 40 35 36 37 16 13 115 50 121 5 56 47 54 45 103 93 127 107 111 112 94 46 118 48 53 49 55 66 124 52 100 60 116 90 3 10 120 7 1 12 144368.59691620123
=========================
76 75 69 96 85 86 87 88 119 63 102 101 98 97 123 95 44 57 51 2 14 80 78 117 83 82 126 81 84 79 20 108 6 106 15 105 114 11 9 59 62 61 91 58 64 113 125 92 89 65 99 104 110 109 70 71 68 67 8 23 24 4 22 21 19 72 73 74 77 18 17 31 27 30 41 43 34 26 25 33 29 32 122 28 38 39 42 40 35 36 37 16 13 115 50 121 5 56 47 54 45 103 93 127 107 111 112 94 46 118 48 53 49 55 66 124 52 100 60 116 90 3 10 120 7 1 12 144368.59691620123
=========================
79 78 117 84 81 126 83 32 29 33 25 26 16 1 7 120 13 115 50 51 2 37 30 27 31 80 76 75 69 70 68 74 73 67 8 72 19 21 17 22 4 23 24 9 11 3 10 52 124 66 113 65 55 47 53 49 118 48 94 93 127 107 111 112 46 56 5 100 64 58 91 61 125 89 92 99 104 59 62 60 90 116 71 110 85 86 87 88 109 96 119 63 82 102 101 98 97 28 122 123 95 103 45 44 54 57 121 35 36 40 42 38 39 34 43 41 14 12 105 114 6 106 15 108 20 18 77 143716.1130942058
=========================
25 33 29 32 122 28 97 98 101 102 63 119 82 83 126 81 84 117 78 79 80 123 95 93 127 107 111 112 94 46 55 66 113 65 99 92 89 125 104 110 85 86 87 88 96 109 71 70 69 75 76 68 73 67 59 62 60 116 90 61 91 58 64 100 115 13 50 121 57 54 44 103 45 48 118 53 49 47 124 52 56 5 51 2 35 40 42 39 34 43 36 37 16 1 7 120 10 3 11 9 8 72 74 77 18 21 17 20 4 22 19 23 24 108 6 106 114 105 15 12 14 41 30 31 27 26 38 131035.22476742973
=========================
116 60 62 59 67 71 68 73 74 79 80 31 27 26 38 25 33 29 32 122 28 97 98 101 102 63 119 96 109 88 87 86 85 110 70 69 75 82 83 126 81 84 117 78 76 77 18 72 8 19 23 9 11 24 4 22 21 17 20 108 15 106 6 114 105 1 16 14 12 30 41 36 37 35 40 43 34 39 42 123 95 93 127 107 111 112 94 46 49 47 53 118 48 45 103 44 54 57 51 2 7 120 3 10 115 13 50 121 56 5 52 124 55 66 65 99 92 89 104 125 113 64 58 100 91 61 90 126728.88876474624

=========================
88 87 86 85 110 104 59 100 10 115 13 50 121 56 47 49 53 48 118 46 94 112 111 107 127 93 95 123 97 98 32 29 28 122 33 25 26 30 41 14 12 20 4 22 17 21 18 77 76 75 69 96 119 63 102 101 83 82 126 81 84 117 78 80 79 31 27 38 39 42 34 43 40 36 37 35 44 103 45 54 57 51 2 16 1 7 120 5 52 124 55 66 65 99 92 89 125 113 64 58 91 61 62 60 116 90 3 9 11 114 105 15 106 6 108 24 23 19 72 8 67 73 74 68 71 70 109 127472.26424027026
=========================
64 100 10 115 13 50 5 52 124 56 121 54 57 51 2 16 1 7 120 3 11 9 24 23 4 108 6 106 114 105 15 12 27 31 20 17 21 22 19 72 8 67 73 68 74 18 77 79 80 78 117 76 75 69 70 71 110 85 86 87 88 109 96 119 63 84 81 126 82 83 102 101 98 97 123 28 122 32 29 33 25 26 38 39 42 34 43 30 14 41 36 37 35 40 44 45 103 95 93 127 107 111 112 94 46 118 48 53 49 47 55 66 113 65 99 92 89 125 104 59 62 60 116 90 61 91 58 124832.85165139649
=========================
82 83 102 101 98 97 123 28 122 32 29 33 25 26 38 39 42 34 43 40 41 14 30 27 31 12 20 15 106 6 108 19 72 8 67 73 74 68 71 70 69 75 76 84 81 117 78 80 79 77 18 21 17 22 4 23 24 9 11 114 105 7 120 13 115 10 3 90 116 60 59 62 61 91 58 64 100 52 56 121 57 54 47 49 53 48 118 46 94 112 111 107 127 93 95 103 45 44 35 36 37 16 1 2 51 50 5 124 55 66 113 65 99 92 89 125 104 110 85 86 87 88 109 96 119 63 126 123832.82418724432
=========================
82 83 102 101 98 97 123 28 122 32 29 33 25 26 38 39 42 34 43 40 41 14 30 27 31 12 20 15 106 6 108 19 72 8 67 73 74 68 71 70 69 75 76 84 81 117 78 80 79 77 18 21 17 22 4 23 24 9 11 114 105 7 120 13 115 10 3 90 116 60 59 62 61 91 58 64 100 52 56 121 57 54 47 49 53 48 118 46 94 112 111 107 127 93 95 103 45 44 35 36 37 16 1 2 51 50 5 124 55 66 113 65 99 92 89 125 104 110 85 86 87 88 109 96 119 63 126 123832.82418724432
=========================
82 83 102 101 98 97 123 28 122 32 29 33 25 26 38 39 42 34 43 40 41 14 30 27 31 12 20 15 106 6 108 19 72 8 67 73 74 68 71 70 69 75 76 84 81 117 78 80 79 77 18 21 17 22 4 23 24 9 11 114 105 7 120 13 115 10 3 90 116 60 59 62 61 91 58 64 100 52 56 121 57 54 47 49 53 48 118 46 94 112 111 107 127 93 95 103 45 44 35 36 37 16 1 2 51 50 5 124 55 66 113 65 99 92 89 125 104 110 85 86 87 88 109 96 119 63 126 123832.82418724432