120 50 34 36 35 42 33 38 37 25 26 79 78 30 40 39 92 93 111 110 106 126 94 27 81 82 97 96 122 41 11 70 109 108 87 86 85 84 103 91 88 124 60 61 59 89 115 66 77 83 80 125 116 17 20 21 113 119 51 123 46 54 64 98 112 8 22 7 71 18 3 107 6 12 65 63 57 10 23 5 105 104 15 13 29 24 32 121 28 31 100 101 62 118 95 58 90 99 2 9 114 49 56 53 43 102 44 47 117 45 48 52 19 16 76 75 74 68 69 67 72 73 14 0 1 4 55 182757.11858550008
=========================

=========================
114 9 2 119 6 0 15 1 49 12 113 104 105 5 67 70 69 118 62 17 18 22 71 73 72 66 59 61 124 103 85 87 95 68 75 79 25 24 32 121 96 97 126 92 94 122 27 28 31 100 101 82 78 16 20 21 3 19 30 26 29 40 53 47 52 48 46 34 36 35 41 38 37 107 23 8 115 58 109 84 86 108 74 83 80 125 81 116 77 76 7 89 60 90 99 51 55 56 120 4 123 54 65 64 98 91 88 112 63 57 10 14 11 13 42 33 39 93 106 110 111 45 117 44 102 43 50 180768.04871670002
=========================
78 75 77 79 24 25 37 29 26 116 83 80 125 81 82 31 28 92 126 106 110 111 93 45 64 98 88 46 52 48 117 47 44 43 42 41 38 33 40 13 19 18 71 17 76 73 72 66 7 12 49 114 9 89 115 2 119 6 35 32 121 27 122 94 39 34 36 15 113 59 58 61 60 90 112 65 54 74 101 100 97 96 102 53 56 50 1 0 67 70 109 69 68 62 118 95 108 87 86 85 84 103 91 124 63 57 99 51 123 55 4 120 104 107 16 20 21 3 22 23 8 10 5 105 14 11 30 179055.35063159993
=========================
11 15 1 52 48 46 55 120 50 34 43 44 47 45 117 6 104 14 20 16 26 25 37 38 33 13 19 21 3 23 22 18 73 72 67 75 78 30 93 111 110 106 126 92 114 99 57 63 65 54 49 36 40 29 24 32 116 80 83 77 76 17 115 60 90 9 12 56 53 102 94 122 96 39 0 119 2 89 59 66 68 62 101 100 97 31 28 121 27 41 42 35 4 123 51 113 105 5 107 71 7 8 10 103 124 88 91 98 64 112 61 58 108 95 118 87 86 85 84 109 70 69 74 125 81 82 79 189306.5785458001
=========================
11 15 1 52 48 46 55 120 50 34 43 44 47 45 117 6 104 14 20 16 26 25 37 38 33 13 19 21 3 23 22 18 73 72 67 75 78 30 93 111 110 106 126 92 114 99 57 63 65 54 49 36 40 29 24 32 116 80 83 77 76 17 115 60 90 9 12 56 53 102 94 122 96 39 0 119 2 89 59 66 68 62 101 100 97 31 28 121 27 41 42 35 4 123 51 113 105 5 107 71 7 8 10 103 124 88 91 98 64 112 61 58 108 95 118 87 86 85 84 109 70 69 74 125 81 82 79 189306.5785458001
=========================
65 64 112 59 61 58 103 98 91 88 124 115 66 67 74 75 77 31 28 27 121 32 24 29 40 42 41 122 96 97 100 101 81 62 118 95 68 69 72 73 71 18 22 107 5 105 104 113 6 15 13 11 16 21 3 23 10 2 57 63 90 60 89 8 14 30 26 78 79 116 83 80 125 82 25 37 38 33 1 12 49 50 56 47 117 52 46 55 51 4 120 53 44 93 45 48 114 119 7 108 87 85 86 84 109 70 76 17 20 19 0 39 94 102 43 34 35 36 92 126 106 110 111 54 123 9 99 172115.34233310004
=========================
65 64 112 59 61 58 103 98 91 88 124 115 66 67 74 75 77 31 28 27 121 32 24 29 40 42 41 122 96 97 100 101 81 62 118 95 68 69 72 73 71 18 22 107 5 105 104 113 6 15 13 11 16 21 3 23 10 2 57 63 90 60 89 8 14 30 26 78 79 116 83 80 125 82 25 37 38 33 1 12 49 50 56 47 117 52 46 55 51 4 120 53 44 93 45 48 114 119 7 108 87 85 86 84 109 70 76 17 20 19 0 39 94 102 43 34 35 36 92 126 106 110 111 54 123 9 99 172115.34233310004
=========================
89 8 10 2 99 112 64 98 91 88 124 90 113 105 5 107 19 21 3 23 22 18 71 7 66 87 86 85 84 103 63 51 55 4 114 9 119 0 43 102 44 47 117 53 56 50 1 34 36 35 39 41 122 94 92 110 106 126 97 96 27 121 32 28 31 79 78 116 82 100 101 81 125 80 83 77 76 17 30 26 13 11 14 104 15 40 29 25 24 37 38 33 42 75 74 62 118 95 108 109 70 69 68 67 72 73 20 16 6 12 49 120 93 111 45 48 52 46 123 54 65 57 60 61 58 59 115 164674.11141860005
=========================
23 22 7 71 72 73 13 43 102 92 126 106 110 111 93 45 53 56 120 4 55 46 48 52 117 47 44 94 122 83 80 125 81 82 100 101 62 118 95 108 68 74 75 76 17 20 18 8 115 89 60 90 57 63 99 11 30 26 29 40 35 36 15 0 34 39 41 38 37 25 33 42 49 112 124 103 84 85 87 86 109 69 116 28 31 97 96 27 121 32 24 79 78 77 67 70 66 59 61 58 88 91 98 64 65 54 123 51 50 1 6 104 113 10 2 9 114 12 119 5 105 14 107 19 16 21 3 159849.09290099994
=========================
70 69 68 108 95 118 62 81 82 101 100 97 96 122 94 41 39 35 36 1 15 0 14 105 5 107 23 22 7 71 18 21 3 19 16 20 17 76 73 72 66 67 74 125 80 83 116 77 75 78 79 26 25 24 32 28 31 121 27 37 38 33 42 29 30 11 13 40 34 43 102 44 53 56 50 120 55 4 51 123 46 48 52 47 117 45 93 92 126 106 110 111 54 65 112 64 98 91 88 124 63 57 99 2 9 114 49 12 119 6 104 113 10 8 89 115 59 60 90 61 58 103 84 85 87 86 109 133300.0812897
=========================
12 49 50 56 53 52 47 94 122 96 97 31 28 27 121 32 24 25 37 38 41 33 42 40 13 11 19 16 20 18 21 3 22 23 107 5 105 14 104 0 15 1 120 55 4 51 123 54 46 48 117 45 93 111 110 106 126 92 102 44 43 39 34 36 35 29 26 30 79 78 76 17 71 7 66 72 73 67 70 69 68 74 75 77 116 83 80 125 81 82 100 101 62 118 95 108 87 86 85 84 109 103 58 59 61 60 90 99 65 64 98 91 88 124 112 63 57 89 115 2 8 10 113 6 119 9 114 129513.8030757001
=========================
59 58 61 60 90 57 63 99 51 123 54 65 112 64 98 91 88 124 103 109 84 85 86 87 108 95 118 62 101 100 97 96 94 92 126 106 110 111 93 45 117 47 52 48 46 55 120 4 49 12 114 9 119 6 36 39 41 122 27 121 31 28 32 24 25 37 38 33 42 29 26 30 79 78 75 77 116 83 80 125 82 81 74 68 69 70 67 66 72 73 76 17 71 7 18 3 21 20 16 19 11 13 40 35 34 43 102 44 53 56 50 1 15 0 104 113 5 105 14 107 23 22 8 10 2 89 115 125944.79004270009
=========================
27 0 23 7 26 22 6 24 15 18 10 21 13 16 17 14 3 19 9 12 20 1 2 28 25 4 8 11 5 2034.0
=========================
17 16 13 21 10 18 24 6 22 26 15 23 7 0 27 5 11 8 4 25 28 2 1 20 12 9 19 3 14 2028.0
=========================
17 16 13 21 10 18 24 6 22 26 15 23 7 0 27 5 11 8 4 25 28 2 1 20 12 9 19 3 14 2028.0
=========================
17 16 13 21 10 18 24 6 22 26 15 23 7 0 27 5 11 8 4 25 28 2 1 20 12 9 19 3 14 2028.0
=========================
17 14 3 20 0 7 22 6 24 27 5 11 8 4 25 28 2 1 19 9 12 23 26 15 18 10 21 13 16 2317.0
=========================
17 14 3 20 0 7 22 6 24 27 5 11 8 4 25 28 2 1 19 9 12 23 26 15 18 10 21 13 16 2317.0
=========================
19 12 5 11 8 4 25 28 2 1 20 0 27 7 23 15 26 22 6 24 10 21 13 16 17 14 18 3 9 2143.0
=========================
17 16 13 21 10 6 24 18 9 19 20 1 2 28 25 4 8 11 5 27 0 7 22 26 23 15 12 3 14 2128.0
=========================
3 29 26 5 9 12 6 28 8 23 27 24 16 13 1 21 10 4 14 22 17 18 15 11 25 7 19 20 2 2323.0
=========================
27 8 1 28 6 12 9 5 26 29 3 2 21 24 23 7 25 19 11 22 14 17 18 15 4 10 20 13 16 2080.0
=========================
27 8 1 28 6 12 9 5 26 29 3 2 21 24 23 7 25 19 11 22 14 17 18 15 4 10 20 13 16 2080.0
=========================
27 8 1 28 6 12 9 5 26 29 3 2 21 24 23 7 25 19 11 22 14 17 18 15 4 10 20 13 16 2080.0
=========================
75 80 26 25 33 122 42 41 37 36 16 105 18 77 74 73 67 62 100 10 38 29 32 27 9 116 60 110 70 68 72 8 23 4 15 35 103 44 5 124 55 47 112 111 107 127 45 93 54 57 56 52 66 64 91 61 90 3 120 12 31 30 14 1 7 13 50 118 48 94 46 49 53 121 51 95 123 98 97 28 39 34 43 40 2 115 104 125 89 92 99 65 113 58 59 71 87 88 119 63 82 117 78 84 81 126 83 102 101 20 108 106 6 11 114 24 19 22 21 17 79 76 69 109 85 86 96 196662.01540630005
=========================
75 80 26 25 33 122 42 41 37 36 16 105 18 77 74 73 67 62 100 10 38 29 32 27 9 116 60 110 70 68 72 8 23 4 15 35 103 44 5 124 55 47 112 111 107 127 45 93 54 57 56 52 66 64 91 61 90 3 120 12 31 30 14 1 7 13 50 118 48 94 46 49 53 121 51 95 123 98 97 28 39 34 43 40 2 115 104 125 89 92 99 65 113 58 59 71 87 88 119 63 82 117 78 84 81 126 83 102 101 20 108 106 6 11 114 24 19 22 21 17 79 76 69 109 85 86 96 196662.01540630005
=========================
85 87 86 104 59 62 61 116 90 24 17 80 79 74 78 82 126 81 84 117 25 33 42 39 43 38 83 102 101 32 29 122 28 97 98 127 93 94 46 49 53 118 48 103 45 44 54 56 124 65 99 92 89 125 113 5 57 37 35 36 41 16 1 114 105 7 120 2 12 73 68 69 119 63 75 76 77 20 10 66 55 112 111 107 47 52 100 60 110 88 109 96 70 18 21 22 108 15 106 14 30 34 40 95 123 26 31 27 6 11 13 50 51 121 115 91 58 64 3 9 8 4 23 19 72 67 71 191537.81660969998
=========================
85 87 86 104 59 62 61 116 90 24 17 80 79 74 78 82 126 81 84 117 25 33 42 39 43 38 83 102 101 32 29 122 28 97 98 127 93 94 46 49 53 118 48 103 45 44 54 56 124 65 99 92 89 125 113 5 57 37 35 36 41 16 1 114 105 7 120 2 12 73 68 69 119 63 75 76 77 20 10 66 55 112 111 107 47 52 100 60 110 88 109 96 70 18 21 22 108 15 106 14 30 34 40 95 123 26 31 27 6 11 13 50 51 121 115 91 58 64 3 9 8 4 23 19 72 67 71 191537.81660969998
=========================
121 57 35 41 14 79 80 78 117 84 81 126 63 119 20 15 114 120 3 90 61 60 116 76 75 69 70 68 73 67 11 9 8 72 19 4 22 17 21 18 77 74 71 110 109 96 88 87 86 85 104 59 62 91 58 100 115 52 66 55 124 54 95 123 97 98 101 102 82 83 32 29 25 26 30 38 39 34 43 36 37 16 2 13 10 64 125 89 92 99 65 113 51 40 42 28 122 33 27 31 12 1 105 106 6 24 23 108 7 50 5 56 46 94 112 111 107 127 93 103 44 45 48 118 53 49 47 159571.47270700004
=========================
68 70 96 119 63 82 97 98 101 102 83 126 60 58 64 113 66 124 52 115 50 5 121 57 54 48 118 53 47 55 65 99 92 89 125 104 59 62 61 91 100 10 120 13 7 1 24 9 11 116 90 3 16 41 14 12 80 79 77 74 73 18 31 27 30 34 43 40 42 39 38 26 25 33 122 28 123 95 103 45 44 35 36 37 2 51 56 49 46 94 112 111 107 127 93 29 32 117 84 81 75 69 109 88 87 86 85 110 71 76 78 72 19 22 21 17 20 15 105 114 106 6 108 4 23 8 67 158578.6253928
=========================
72 21 17 25 33 29 32 122 28 123 97 98 101 102 63 119 96 120 94 112 111 107 127 93 95 42 30 41 14 12 15 106 6 108 24 9 11 10 3 90 116 60 61 113 65 99 92 89 125 104 110 85 86 87 88 109 71 67 59 62 91 58 64 100 66 55 53 48 35 36 37 16 2 51 57 54 45 103 44 121 50 115 13 7 105 114 8 76 75 69 70 68 73 74 18 77 79 78 84 81 126 82 83 117 80 1 56 47 49 46 118 124 52 5 40 43 34 39 38 26 27 31 20 22 4 23 19 156685.9457634001
=========================
82 83 101 102 63 119 69 96 109 88 87 86 85 110 68 73 74 72 19 43 34 42 39 38 27 31 18 77 79 80 12 14 36 37 2 50 115 13 7 6 24 23 4 22 21 17 20 108 15 106 114 3 90 116 59 125 92 89 113 64 58 100 10 120 1 16 40 95 123 98 97 28 122 32 29 33 25 26 30 41 51 5 52 124 47 53 118 48 45 103 44 54 57 121 56 55 66 65 99 104 71 70 75 117 78 76 8 9 11 105 35 93 127 107 111 112 94 46 49 91 61 62 60 67 84 81 126 155895.27607920003
=========================
63 119 70 71 73 67 8 9 11 3 90 116 60 59 62 61 91 58 64 100 52 124 5 121 56 47 53 118 48 94 45 103 44 54 57 35 40 36 37 41 14 30 43 34 39 38 26 25 33 29 32 122 28 123 95 93 127 107 111 112 46 49 55 66 113 65 99 92 89 125 104 110 85 86 87 88 109 96 69 75 68 74 72 19 4 23 24 6 106 114 120 10 115 13 50 51 2 16 12 31 27 80 79 78 117 126 81 84 76 77 18 21 17 22 20 108 15 105 7 1 42 97 98 101 102 83 82 135977.0049805001
=========================
1 14 31 27 30 41 43 34 39 38 26 25 33 29 32 122 28 97 98 101 102 83 82 126 81 84 117 78 76 75 69 70 71 110 85 86 87 88 109 96 119 63 68 74 73 67 61 91 64 113 66 55 47 49 53 48 118 46 94 45 103 44 54 57 121 56 124 52 5 51 2 50 115 13 7 105 15 106 114 120 10 100 58 3 11 9 6 108 24 23 4 22 19 21 17 20 12 80 79 77 18 72 8 90 116 60 62 59 104 125 89 92 99 65 112 111 107 127 93 95 123 42 40 35 36 37 16 133221.37470070002
=========================
4 23 24 11 9 8 72 18 77 76 75 69 70 88 87 86 85 71 68 74 73 67 59 62 91 61 60 116 90 3 10 100 58 64 113 65 99 92 89 125 104 110 109 96 119 63 102 101 83 82 126 81 84 117 78 79 80 25 33 29 32 122 28 97 98 127 93 95 123 42 39 38 26 27 31 12 14 41 30 34 43 40 35 36 37 16 1 105 106 6 114 120 13 115 50 5 56 52 124 66 55 47 49 53 48 118 46 94 112 111 107 103 45 44 54 57 121 51 2 7 15 108 20 17 21 19 22 131191.15062670002
=========================
4 23 24 11 9 8 72 18 77 76 75 69 70 88 87 86 85 71 68 74 73 67 59 62 91 61 60 116 90 3 10 100 58 64 113 65 99 92 89 125 104 110 109 96 119 63 102 101 83 82 126 81 84 117 78 79 80 25 33 29 32 122 28 97 98 127 93 95 123 42 39 38 26 27 31 12 14 41 30 34 43 40 35 36 37 16 1 105 106 6 114 120 13 115 50 5 56 52 124 66 55 47 49 53 48 118 46 94 112 111 107 103 45 44 54 57 121 51 2 7 15 108 20 17 21 19 22 131191.15062670002
=========================
98 101 102 63 119 82 83 126 81 84 117 32 29 28 122 33 25 26 80 79 77 18 72 19 21 17 22 108 6 106 15 105 7 120 10 115 13 50 121 56 5 52 124 55 47 49 53 48 118 46 94 112 111 107 127 93 103 45 44 54 57 51 2 16 1 114 8 67 73 74 68 76 78 75 69 70 71 109 96 88 87 86 85 110 104 125 89 92 99 65 66 113 64 58 100 91 61 62 59 60 116 90 3 11 9 24 23 4 20 12 31 27 30 14 41 36 37 35 40 43 34 39 38 42 95 123 97 128044.81446380012
=========================
80 26 25 29 32 98 97 123 95 42 34 41 14 12 17 21 22 4 23 24 106 15 108 20 19 8 67 71 110 85 86 87 88 109 96 70 69 75 76 117 84 81 126 82 83 101 102 63 119 68 73 74 77 18 72 116 60 62 59 104 125 89 92 99 65 113 64 58 66 55 47 53 49 46 118 48 54 57 51 2 7 114 11 9 6 105 1 16 38 33 122 28 39 36 37 35 121 56 124 52 5 50 115 100 91 61 90 3 10 120 13 45 94 112 111 107 127 93 103 44 40 43 30 27 31 79 78 145363.75888980314
=========================
80 26 25 29 32 98 97 123 95 42 34 41 14 12 17 21 22 4 23 24 106 15 108 20 19 8 67 71 110 85 86 87 88 109 96 70 69 75 76 117 84 81 126 82 83 101 102 63 119 68 73 74 77 18 72 116 60 62 59 104 125 89 92 99 65 113 64 58 66 55 47 53 49 46 118 48 54 57 51 2 7 114 11 9 6 105 1 16 38 33 122 28 39 36 37 35 121 56 124 52 5 50 115 100 91 61 90 3 10 120 13 45 94 112 111 107 127 93 103 44 40 43 30 27 31 79 78 145363.75888980314
=========================
80 26 25 29 32 98 97 123 95 42 34 41 14 12 17 21 22 4 23 24 106 15 108 20 19 8 67 71 110 85 86 87 88 109 96 70 69 75 76 117 84 81 126 82 83 101 102 63 119 68 73 74 77 18 72 116 60 62 59 104 125 89 92 99 65 113 64 58 66 55 47 53 49 46 118 48 54 57 51 2 7 114 11 9 6 105 1 16 38 33 122 28 39 36 37 35 121 56 124 52 5 50 115 100 91 61 90 3 10 120 13 45 94 112 111 107 127 93 103 44 40 43 30 27 31 79 78 145363.75888980314
=========================
53 49 47 124 52 64 58 100 115 50 121 56 54 45 44 35 37 20 22 4 24 23 19 18 77 76 78 84 81 126 82 83 80 79 27 26 39 34 43 40 36 16 105 114 7 1 2 51 57 103 93 95 42 38 25 33 122 28 29 32 117 75 69 96 109 70 68 74 73 3 10 120 13 5 55 66 113 65 99 92 89 125 104 59 62 91 61 60 116 90 11 9 31 30 41 14 12 15 106 6 108 17 21 72 8 67 71 110 85 86 87 88 119 63 102 101 98 97 123 127 107 111 112 94 46 118 48 144885.35783390008
=========================
53 49 47 124 52 64 58 100 115 50 121 56 54 45 44 35 37 20 22 4 24 23 19 18 77 76 78 84 81 126 82 83 80 79 27 26 39 34 43 40 36 16 105 114 7 1 2 51 57 103 93 95 42 38 25 33 122 28 29 32 117 75 69 96 109 70 68 74 73 3 10 120 13 5 55 66 113 65 99 92 89 125 104 59 62 91 61 60 116 90 11 9 31 30 41 14 12 15 106 6 108 17 21 72 8 67 71 110 85 86 87 88 119 63 102 101 98 97 123 127 107 111 112 94 46 118 48 144885.35783390008
=========================
53 49 47 124 52 64 58 100 115 50 121 56 54 45 44 35 37 20 22 4 24 23 19 18 77 76 78 84 81 126 82 83 80 79 27 26 39 34 43 40 36 16 105 114 7 1 2 51 57 103 93 95 42 38 25 33 122 28 29 32 117 75 69 96 109 70 68 74 73 3 10 120 13 5 55 66 113 65 99 92 89 125 104 59 62 91 61 60 116 90 11 9 31 30 41 14 12 15 106 6 108 17 21 72 8 67 71 110 85 86 87 88 119 63 102 101 98 97 123 127 107 111 112 94 46 118 48 144885.35783390008
=========================
112 111 107 127 93 95 83 82 126 81 84 117 78 20 7 52 55 66 58 100 3 10 115 13 120 24 8 72 73 68 70 109 88 87 86 85 110 71 77 18 21 22 19 23 4 108 6 106 15 105 114 11 9 90 59 104 125 89 92 99 65 113 64 91 61 62 60 116 67 74 76 75 69 96 119 63 102 101 98 97 123 42 39 38 26 34 43 40 36 37 41 14 12 27 31 17 79 80 25 33 122 28 32 29 30 16 1 51 121 57 54 53 118 48 45 103 44 35 2 50 5 56 124 47 49 46 94 149053.90393759523
=========================
104 59 116 11 6 106 15 30 42 95 123 98 97 38 39 34 43 40 93 127 107 111 112 94 46 49 53 118 48 54 57 56 52 124 47 55 66 65 99 92 89 125 113 64 58 100 7 1 16 14 41 36 37 35 44 45 103 26 25 33 122 28 29 32 81 126 82 83 101 102 63 119 69 68 67 23 24 9 91 61 62 60 90 3 10 115 120 114 105 13 50 5 121 51 2 12 31 27 80 117 84 78 79 17 20 108 4 22 19 21 77 18 72 8 73 74 76 75 70 71 110 109 96 88 87 86 85 149313.47276709529
=========================
104 59 116 11 6 106 15 30 42 95 123 98 97 38 39 34 43 40 93 127 107 111 112 94 46 49 53 118 48 54 57 56 52 124 47 55 66 65 99 92 89 125 113 64 58 100 7 1 16 14 41 36 37 35 44 45 103 26 25 33 122 28 29 32 81 126 82 83 101 102 63 119 69 68 67 23 24 9 91 61 62 60 90 3 10 115 120 114 105 13 50 5 121 51 2 12 31 27 80 117 84 78 79 17 20 108 4 22 19 21 77 18 72 8 73 74 76 75 70 71 110 109 96 88 87 86 85 149313.47276709529
=========================
29 32 122 28 97 98 127 107 111 112 94 45 54 57 2 105 15 108 20 17 21 22 4 24 11 3 58 64 66 55 52 124 47 49 46 118 48 53 56 5 121 51 37 36 41 30 43 40 35 16 1 14 12 79 76 117 78 80 26 38 39 34 42 123 95 93 103 44 50 13 7 106 6 114 120 115 10 100 91 61 62 60 116 90 9 23 19 72 8 67 109 96 119 63 102 101 83 82 126 81 84 75 69 70 71 59 125 113 65 99 92 89 104 85 86 88 87 110 68 73 74 18 77 31 27 25 33 147122.46798859522
=========================
29 32 122 28 97 98 127 107 111 112 94 45 54 57 2 105 15 108 20 17 21 22 4 24 11 3 58 64 66 55 52 124 47 49 46 118 48 53 56 5 121 51 37 36 41 30 43 40 35 16 1 14 12 79 76 117 78 80 26 38 39 34 42 123 95 93 103 44 50 13 7 106 6 114 120 115 10 100 91 61 62 60 116 90 9 23 19 72 8 67 109 96 119 63 102 101 83 82 126 81 84 75 69 70 71 59 125 113 65 99 92 89 104 85 86 88 87 110 68 73 74 18 77 31 27 25 33 147122.46798859522
=========================
53 118 48 94 107 111 112 46 49 47 56 5 52 124 113 65 66 55 45 103 44 21 71 70 69 109 96 63 119 88 87 86 85 110 104 99 92 89 125 59 62 60 116 90 61 91 58 64 100 3 11 9 6 106 114 120 13 50 115 10 105 15 20 108 24 23 4 22 19 72 8 67 73 68 74 18 12 14 41 37 36 43 34 39 38 25 33 29 32 122 28 97 98 127 93 95 123 42 40 35 51 2 1 16 30 26 27 31 79 80 83 101 102 82 126 81 84 117 78 75 76 77 17 7 121 57 54 149667.6075152977
=========================
6 106 114 120 13 115 52 50 2 37 36 39 38 33 25 26 27 12 14 124 55 66 113 65 99 92 89 125 104 59 67 73 74 72 18 77 79 78 117 84 81 126 82 102 101 32 29 122 28 97 98 83 63 119 96 109 88 87 86 85 110 71 68 70 69 75 76 80 31 30 41 43 34 42 40 45 103 123 95 93 127 107 111 112 94 46 118 48 53 49 47 56 5 121 51 57 54 44 35 16 1 7 105 15 20 108 23 8 19 21 17 22 4 24 9 10 100 64 58 91 61 62 60 116 90 3 11 144217.85811460795
=========================
6 106 114 120 13 115 52 50 2 37 36 39 38 33 25 26 27 12 14 124 55 66 113 65 99 92 89 125 104 59 67 73 74 72 18 77 79 78 117 84 81 126 82 102 101 32 29 122 28 97 98 83 63 119 96 109 88 87 86 85 110 71 68 70 69 75 76 80 31 30 41 43 34 42 40 45 103 123 95 93 127 107 111 112 94 46 118 48 53 49 47 56 5 121 51 57 54 44 35 16 1 7 105 15 20 108 23 8 19 21 17 22 4 24 9 10 100 64 58 91 61 62 60 116 90 3 11 144217.85811460795
=========================
6 106 114 120 13 115 52 50 2 37 36 39 38 33 25 26 27 12 14 124 55 66 113 65 99 92 89 125 104 59 67 73 74 72 18 77 79 78 117 84 81 126 82 102 101 32 29 122 28 97 98 83 63 119 96 109 88 87 86 85 110 71 68 70 69 75 76 80 31 30 41 43 34 42 40 45 103 123 95 93 127 107 111 112 94 46 118 48 53 49 47 56 5 121 51 57 54 44 35 16 1 7 105 15 20 108 23 8 19 21 17 22 4 24 9 10 100 64 58 91 61 62 60 116 90 3 11 144217.85811460795
=========================
76 73 74 77 18 21 17 20 22 4 114 105 1 2 57 54 48 118 53 49 47 124 56 5 121 51 37 36 26 25 33 29 32 122 28 95 123 97 98 101 102 83 82 126 63 119 69 70 68 67 8 72 19 116 60 62 59 71 110 109 96 88 87 86 85 104 125 64 58 100 10 115 13 50 52 65 99 92 89 113 120 7 16 41 30 38 39 42 34 43 40 103 45 44 35 14 12 15 106 6 108 24 23 9 11 3 90 61 91 66 55 46 94 112 111 107 127 93 27 31 79 80 78 117 84 81 75 148815.2742346001
=========================
76 73 74 77 18 21 17 20 22 4 114 105 1 2 57 54 48 118 53 49 47 124 56 5 121 51 37 36 26 25 33 29 32 122 28 95 123 97 98 101 102 83 82 126 63 119 69 70 68 67 8 72 19 116 60 62 59 71 110 109 96 88 87 86 85 104 125 64 58 100 10 115 13 50 52 65 99 92 89 113 120 7 16 41 30 38 39 42 34 43 40 103 45 44 35 14 12 15 106 6 108 24 23 9 11 3 90 61 91 66 55 46 94 112 111 107 127 93 27 31 79 80 78 117 84 81 75 148815.2742346001
=========================
34 43 36 37 56 55 66 113 65 99 92 89 104 125 64 58 100 10 24 23 4 22 20 12 14 41 30 25 33 122 28 123 97 98 29 32 82 83 101 102 63 119 96 70 68 67 73 74 77 18 19 114 120 13 115 52 124 47 49 118 48 45 103 44 35 40 39 38 26 27 31 71 110 85 86 87 88 109 69 75 76 78 84 81 126 117 80 79 17 21 72 8 9 11 3 91 61 62 59 60 116 90 6 106 108 15 105 7 1 16 2 51 50 5 121 57 54 53 46 94 112 111 107 127 93 95 42 147369.53066100008
=========================
34 43 36 37 56 55 66 113 65 99 92 89 104 125 64 58 100 10 24 23 4 22 20 12 14 41 30 25 33 122 28 123 97 98 29 32 82 83 101 102 63 119 96 70 68 67 73 74 77 18 19 114 120 13 115 52 124 47 49 118 48 45 103 44 35 40 39 38 26 27 31 71 110 85 86 87 88 109 69 75 76 78 84 81 126 117 80 79 17 21 72 8 9 11 3 91 61 62 59 60 116 90 6 106 108 15 105 7 1 16 2 51 50 5 121 57 54 53 46 94 112 111 107 127 93 95 42 147369.53066100008
=========================
34 43 36 37 56 55 66 113 65 99 92 89 104 125 64 58 100 10 24 23 4 22 20 12 14 41 30 25 33 122 28 123 97 98 29 32 82 83 101 102 63 119 96 70 68 67 73 74 77 18 19 114 120 13 115 52 124 47 49 118 48 45 103 44 35 40 39 38 26 27 31 71 110 85 86 87 88 109 69 75 76 78 84 81 126 117 80 79 17 21 72 8 9 11 3 91 61 62 59 60 116 90 6 106 108 15 105 7 1 16 2 51 50 5 121 57 54 53 46 94 112 111 107 127 93 95 42 147369.53066100008
=========================
34 43 36 37 56 55 66 113 65 99 92 89 104 125 64 58 100 10 24 23 4 22 20 12 14 41 30 25 33 122 28 123 97 98 29 32 82 83 101 102 63 119 96 70 68 67 73 74 77 18 19 114 120 13 115 52 124 47 49 118 48 45 103 44 35 40 39 38 26 27 31 71 110 85 86 87 88 109 69 75 76 78 84 81 126 117 80 79 17 21 72 8 9 11 3 91 61 62 59 60 116 90 6 106 108 15 105 7 1 16 2 51 50 5 121 57 54 53 46 94 112 111 107 127 93 95 42 147369.53066100008


=========================
53 48 118 46 94 112 111 107 127 93 95 28 122 33 80 78 117 84 81 126 63 119 96 109 88 87 86 85 110 71 67 8 23 19 72 74 73 68 70 69 77 18 21 17 22 4 24 114 10 100 58 91 61 90 9 108 14 41 43 34 42 123 97 98 101 102 83 82 75 76 79 31 27 30 12 20 59 104 125 62 60 116 3 11 6 106 15 105 120 13 7 1 16 37 36 35 2 50 115 113 65 99 92 89 64 26 32 29 25 38 39 40 44 103 45 54 57 51 121 56 5 52 124 66 55 47 49 151344.65511519156
Pocz靖kowa temparatura: 10000

Wsp. ch這dzenia: 0.003

Liczba iteracji dla jednej temperatury: 100

Minimalna temperatura: 0.11

=========================
53 48 118 46 94 112 111 107 127 93 95 28 122 33 80 78 117 84 81 126 63 119 96 109 88 87 86 85 110 71 67 8 23 19 72 74 73 68 70 69 77 18 21 17 22 4 24 114 10 100 58 91 61 90 9 108 14 41 43 34 42 123 97 98 101 102 83 82 75 76 79 31 27 30 12 20 59 104 125 62 60 116 3 11 6 106 15 105 120 13 7 1 16 37 36 35 2 50 115 113 65 99 92 89 64 26 32 29 25 38 39 40 44 103 45 54 57 51 121 56 5 52 124 66 55 47 49 151344.65511519156
Pocz靖kowa temparatura: 10000

Wsp. ch這dzenia: 0.003

Liczba iteracji dla jednej temperatury: 100

Minimalna temperatura: 0.11

=========================
53 48 118 46 94 112 111 107 127 93 95 28 122 33 80 78 117 84 81 126 63 119 96 109 88 87 86 85 110 71 67 8 23 19 72 74 73 68 70 69 77 18 21 17 22 4 24 114 10 100 58 91 61 90 9 108 14 41 43 34 42 123 97 98 101 102 83 82 75 76 79 31 27 30 12 20 59 104 125 62 60 116 3 11 6 106 15 105 120 13 7 1 16 37 36 35 2 50 115 113 65 99 92 89 64 26 32 29 25 38 39 40 44 103 45 54 57 51 121 56 5 52 124 66 55 47 49 151344.65511519156
Pocz靖kowa temparatura: 10000

Wsp. ch這dzenia: 0.003

Liczba iteracji dla jednej temperatury: 100

Minimalna temperatura: 0.11

=========================
62 59 104 125 89 92 99 65 55 112 111 107 127 93 103 44 40 35 37 36 41 14 20 22 17 21 18 77 74 73 68 70 71 67 8 72 19 4 23 24 108 106 6 11 9 90 116 60 61 91 58 64 113 66 52 10 120 13 115 5 56 124 47 53 49 118 46 94 48 57 51 2 1 16 30 43 34 42 39 38 25 29 32 117 84 81 96 109 88 87 86 85 110 69 126 82 83 101 102 63 119 75 76 78 80 79 15 7 50 121 54 45 95 123 98 97 28 122 33 26 27 31 12 105 114 3 100 148374.42517970034
Pocz靖kowa temparatura: 10000

Wsp. ch這dzenia: 0.003

Liczba iteracji dla jednej temperatury: 100

Minimalna temperatura: 0.11

=========================
62 61 91 58 66 65 99 92 89 104 125 113 64 100 10 52 5 115 13 120 114 105 15 106 6 108 17 21 18 77 79 80 78 117 76 69 70 71 68 73 74 72 19 8 67 116 90 3 11 9 24 23 4 22 20 12 31 27 30 41 14 7 1 16 35 40 42 28 122 32 29 33 25 26 38 39 34 43 36 37 2 51 50 121 57 44 93 127 107 111 112 94 46 118 48 53 49 47 55 124 56 54 45 103 95 123 97 98 101 102 83 82 126 81 84 75 63 119 96 109 88 87 86 85 110 59 60 136001.13990409914
Poczatkowa temparatura: 10000

Wsp. chlodzenia: 0.003

Liczba iteracji dla jednej temperatury: 100

Minimalna temperatura: 0.11

=========================
62 61 91 58 66 65 99 92 89 104 125 113 64 100 10 52 5 115 13 120 114 105 15 106 6 108 17 21 18 77 79 80 78 117 76 69 70 71 68 73 74 72 19 8 67 116 90 3 11 9 24 23 4 22 20 12 31 27 30 41 14 7 1 16 35 40 42 28 122 32 29 33 25 26 38 39 34 43 36 37 2 51 50 121 57 44 93 127 107 111 112 94 46 118 48 53 49 47 55 124 56 54 45 103 95 123 97 98 101 102 83 82 126 81 84 75 63 119 96 109 88 87 86 85 110 59 60 136001.13990409914
Poczatkowa temparatura: 10000

Wsp. chlodzenia: 0.003

Liczba iteracji dla jednej temperatury: 100

Minimalna temperatura: 0.11

=========================
62 61 91 58 66 65 99 92 89 104 125 113 64 100 10 52 5 115 13 120 114 105 15 106 6 108 17 21 18 77 79 80 78 117 76 69 70 71 68 73 74 72 19 8 67 116 90 3 11 9 24 23 4 22 20 12 31 27 30 41 14 7 1 16 35 40 42 28 122 32 29 33 25 26 38 39 34 43 36 37 2 51 50 121 57 44 93 127 107 111 112 94 46 118 48 53 49 47 55 124 56 54 45 103 95 123 97 98 101 102 83 82 126 81 84 75 63 119 96 109 88 87 86 85 110 59 60 136001.13990409914
Poczatkowa temparatura: 10000

Wsp. chlodzenia: 0.003

Liczba iteracji dla jednej temperatury: 100

Minimalna temperatura: 0.11

=========================
62 61 91 58 66 65 99 92 89 104 125 113 64 100 10 52 5 115 13 120 114 105 15 106 6 108 17 21 18 77 79 80 78 117 76 69 70 71 68 73 74 72 19 8 67 116 90 3 11 9 24 23 4 22 20 12 31 27 30 41 14 7 1 16 35 40 42 28 122 32 29 33 25 26 38 39 34 43 36 37 2 51 50 121 57 44 93 127 107 111 112 94 46 118 48 53 49 47 55 124 56 54 45 103 95 123 97 98 101 102 83 82 126 81 84 75 63 119 96 109 88 87 86 85 110 59 60 136001.13990409914
Poczatkowa temparatura: 10000

Wsp. chlodzenia: 0.003

Liczba iteracji dla jednej temperatury: 100

Minimalna temperatura: 0.11

=========================
74 73 8 19 23 9 11 114 105 15 106 6 108 24 4 22 20 12 14 31 17 21 72 18 79 33 122 28 123 97 98 101 102 83 82 126 32 29 25 26 38 39 42 95 127 93 34 43 30 27 80 78 117 84 81 69 70 96 109 110 104 125 89 92 99 65 113 66 55 124 5 56 45 103 44 40 35 37 36 41 16 1 7 120 13 2 51 50 115 10 3 90 116 60 61 91 58 64 100 52 47 49 53 48 118 46 112 111 107 94 54 57 121 62 59 67 68 71 85 86 87 88 119 63 75 76 77 149721.45369639838
Poczatkowa temparatura: 10000
Wsp. chlodzenia: 0.003
Liczba iteracji dla jednej temperatury: 100
Minimalna temperatura: 0.11
=========================
74 73 8 19 23 9 11 114 105 15 106 6 108 24 4 22 20 12 14 31 17 21 72 18 79 33 122 28 123 97 98 101 102 83 82 126 32 29 25 26 38 39 42 95 127 93 34 43 30 27 80 78 117 84 81 69 70 96 109 110 104 125 89 92 99 65 113 66 55 124 5 56 45 103 44 40 35 37 36 41 16 1 7 120 13 2 51 50 115 10 3 90 116 60 61 91 58 64 100 52 47 49 53 48 118 46 112 111 107 94 54 57 121 62 59 67 68 71 85 86 87 88 119 63 75 76 77 149721.45369639838
Poczatkowa temparatura: 10000
Wsp. chlodzenia: 0.003
Liczba iteracji dla jednej temperatury: 100
Minimalna temperatura: 0.11
=========================
74 73 8 19 23 9 11 114 105 15 106 6 108 24 4 22 20 12 14 31 17 21 72 18 79 33 122 28 123 97 98 101 102 83 82 126 32 29 25 26 38 39 42 95 127 93 34 43 30 27 80 78 117 84 81 69 70 96 109 110 104 125 89 92 99 65 113 66 55 124 5 56 45 103 44 40 35 37 36 41 16 1 7 120 13 2 51 50 115 10 3 90 116 60 61 91 58 64 100 52 47 49 53 48 118 46 112 111 107 94 54 57 121 62 59 67 68 71 85 86 87 88 119 63 75 76 77 149721.45369639838
Poczatkowa temparatura: 10000
Wsp. chlodzenia: 0.003
Liczba iteracji dla jednej temperatury: 100
Minimalna temperatura: 0.11
=========================
74 73 8 19 23 9 11 114 105 15 106 6 108 24 4 22 20 12 14 31 17 21 72 18 79 33 122 28 123 97 98 101 102 83 82 126 32 29 25 26 38 39 42 95 127 93 34 43 30 27 80 78 117 84 81 69 70 96 109 110 104 125 89 92 99 65 113 66 55 124 5 56 45 103 44 40 35 37 36 41 16 1 7 120 13 2 51 50 115 10 3 90 116 60 61 91 58 64 100 52 47 49 53 48 118 46 112 111 107 94 54 57 121 62 59 67 68 71 85 86 87 88 119 63 75 76 77 149721.45369639838
Poczatkowa temparatura: 10000
Wsp. chlodzenia: 0.003
Liczba iteracji dla jednej temperatury: 100
Minimalna temperatura: 0.11
=========================
37 41 14 17 21 22 19 8 72 18 77 74 73 67 68 71 70 69 75 126 82 83 102 101 98 97 123 95 103 45 44 51 2 16 1 7 114 11 9 3 100 64 58 91 61 90 116 60 62 59 104 110 85 86 87 88 109 96 119 63 81 84 117 78 76 79 80 31 27 26 25 33 29 32 122 28 38 30 12 20 108 4 23 24 6 106 15 105 120 10 115 13 50 56 47 49 53 48 118 46 94 112 111 107 127 93 55 65 99 92 89 125 113 66 124 52 5 121 57 54 35 40 42 39 34 43 36 133673.71511519168
Poczatkowa temparatura: 10000
Wsp. chlodzenia: 0.003
Liczba iteracji dla jednej temperatury: 1000
Minimalna temperatura: 0.11
=========================
37 41 14 17 21 22 19 8 72 18 77 74 73 67 68 71 70 69 75 126 82 83 102 101 98 97 123 95 103 45 44 51 2 16 1 7 114 11 9 3 100 64 58 91 61 90 116 60 62 59 104 110 85 86 87 88 109 96 119 63 81 84 117 78 76 79 80 31 27 26 25 33 29 32 122 28 38 30 12 20 108 4 23 24 6 106 15 105 120 10 115 13 50 56 47 49 53 48 118 46 94 112 111 107 127 93 55 65 99 92 89 125 113 66 124 52 5 121 57 54 35 40 42 39 34 43 36 133673.71511519168
Poczatkowa temparatura: 10000
Wsp. chlodzenia: 0.003
Liczba iteracji dla jednej temperatury: 1000
Minimalna temperatura: 0.11
=========================
119 96 109 88 87 86 85 110 71 68 70 69 75 76 74 73 67 8 23 24 6 105 7 1 16 2 51 57 54 45 103 44 40 35 37 36 41 30 43 34 42 39 38 122 33 25 26 27 31 14 12 20 9 11 3 90 116 60 59 62 61 91 100 58 64 113 125 104 89 92 99 65 66 55 93 127 107 111 112 94 46 118 48 53 49 47 124 52 5 56 121 50 13 115 10 120 114 106 15 108 4 22 17 21 19 72 18 77 79 80 78 117 84 81 126 82 83 32 29 28 95 123 97 98 101 102 63 130179.7685644832
Poczatkowa temparatura: 10000
Wsp. chlodzenia: 0.003
Liczba iteracji dla jednej temperatury: 1000
Minimalna temperatura: 0.11
=========================
119 96 109 88 87 86 85 110 71 68 70 69 75 76 74 73 67 8 23 24 6 105 7 1 16 2 51 57 54 45 103 44 40 35 37 36 41 30 43 34 42 39 38 122 33 25 26 27 31 14 12 20 9 11 3 90 116 60 59 62 61 91 100 58 64 113 125 104 89 92 99 65 66 55 93 127 107 111 112 94 46 118 48 53 49 47 124 52 5 56 121 50 13 115 10 120 114 106 15 108 4 22 17 21 19 72 18 77 79 80 78 117 84 81 126 82 83 32 29 28 95 123 97 98 101 102 63 130179.7685644832
Poczatkowa temparatura: 10000
Wsp. chlodzenia: 0.003
Liczba iteracji dla jednej temperatury: 1000
Minimalna temperatura: 0.11
=========================
16 32 94 7 5 26 17 14 20 97 85 48 81 53 2 117 118 105 59 93 75 56 96 6 46 18 33 37 73 50 11 44 4 126 121 60 82 28 120 110 111 91 57 68 45 87 122 3 77 104 106 115 90 70 119 74 24 124 25 92 100 27 10 34 86 49 22 78 9 84 79 125 54 31 40 8 123 58 69 66 1 21 36 116 29 89 83 41 109 103 80 55 72 13 76 52 35 19 101 102 113 65 108 61 47 114 67 64 127 15 88 95 43 99 63 107 51 12 112 38 62 98 39 71 30 23 42 -27362.413337
Poczatkowa temparatura: 10000
Wsp. chlodzenia: 0.003
Liczba iteracji dla jednej temperatury: 1000
Minimalna temperatura: 0.11
=========================
16 32 94 7 5 26 17 14 20 97 85 48 81 53 2 117 118 105 59 93 75 56 96 6 46 18 33 37 73 50 11 44 4 126 121 60 82 28 120 110 111 91 57 68 45 87 122 3 77 104 106 115 90 70 119 74 24 124 25 92 100 27 10 34 86 49 22 78 9 84 79 125 54 31 40 8 123 58 69 66 1 21 36 116 29 89 83 41 109 103 80 55 72 13 76 52 35 19 101 102 113 65 108 61 47 114 67 64 127 15 88 95 43 99 63 107 51 12 112 38 62 98 39 71 30 23 42 -27362.413337
Poczatkowa temparatura: 10000
Wsp. chlodzenia: 0.003
Liczba iteracji dla jednej temperatury: 1000
Minimalna temperatura: 0.11
=========================
10 15 16 4 50 119 48 74 49 63 120 76 14 92 122 60 25 90 29 61 31 62 38 58 34 11 39 116 123 59 97 104 41 67 28 105 12 125 30 70 46 20 100 18 121 77 37 85 6 52 78 56 83 13 126 115 102 124 17 53 19 118 69 57 109 107 96 45 71 94 68 21 111 72 112 75 1 2 40 106 86 93 110 43 91 98 114 95 23 44 87 103 88 36 9 51 73 42 99 26 24 108 127 8 7 35 81 47 84 5 82 55 101 113 117 54 22 89 33 66 79 65 27 32 64 3 80 -397264559.80459595
Poczatkowa temparatura: 10000
Wsp. chlodzenia: 0.003
Liczba iteracji dla jednej temperatury: 1000
Minimalna temperatura: 0.11
=========================
96 54 24 56 126 50 73 51 68 48 69 5 27 105 74 46 6 84 121 25 11 39 59 37 22 43 9 34 71 103 8 52 31 62 42 116 98 16 23 87 2 70 114 97 90 41 91 122 89 102 66 81 115 83 55 76 1 109 127 110 36 99 12 7 124 28 3 44 108 82 65 101 106 19 107 72 64 32 61 95 77 118 63 13 18 57 60 29 20 88 14 49 119 94 78 30 10 33 125 4 79 113 117 58 80 47 21 112 17 53 75 111 67 26 120 38 92 85 93 40 104 123 15 100 35 86 45 -399798278.38394886
Poczatkowa temparatura: 10000
Wsp. chlodzenia: 0.003
Liczba iteracji dla jednej temperatury: 1000
Minimalna temperatura: 0.11
=========================
89 24 28 116 31 100 108 85 35 45 72 49 126 124 79 56 98 62 26 88 95 41 59 37 70 57 69 53 78 112 20 6 99 18 97 61 122 113 43 67 40 23 48 119 118 21 30 58 33 3 14 60 36 86 107 75 46 82 120 80 13 101 10 25 114 102 115 77 121 27 92 32 50 12 9 42 104 34 110 47 63 2 76 55 4 15 65 83 7 84 5 117 52 81 66 106 64 19 44 73 127 68 1 109 103 22 111 96 94 87 51 17 38 125 105 74 54 71 93 8 16 91 39 11 123 90 29 -4038574.2229411188
Poczatkowa temparatura: 10000
Wsp. chlodzenia: 0.003
Liczba iteracji dla jednej temperatury: 10
Minimalna temperatura: 0.11
=========================
89 24 28 116 31 100 108 85 35 45 72 49 126 124 79 56 98 62 26 88 95 41 59 37 70 57 69 53 78 112 20 6 99 18 97 61 122 113 43 67 40 23 48 119 118 21 30 58 33 3 14 60 36 86 107 75 46 82 120 80 13 101 10 25 114 102 115 77 121 27 92 32 50 12 9 42 104 34 110 47 63 2 76 55 4 15 65 83 7 84 5 117 52 81 66 106 64 19 44 73 127 68 1 109 103 22 111 96 94 87 51 17 38 125 105 74 54 71 93 8 16 91 39 11 123 90 29 -4038574.2229411188
Poczatkowa temparatura: 10000
Wsp. chlodzenia: 0.003
Liczba iteracji dla jednej temperatury: 10
Minimalna temperatura: 0.11
=========================
104 22 35 108 37 85 41 64 27 3 82 15 120 65 79 23 54 96 127 110 103 91 33 99 26 114 116 28 8 111 77 50 117 10 39 100 12 66 126 52 75 2 109 93 86 69 51 76 34 4 53 72 61 122 18 56 105 121 84 5 78 47 102 55 83 49 63 112 17 118 19 38 60 42 7 43 62 98 6 119 48 9 57 81 115 101 20 46 73 36 68 14 13 95 90 123 24 40 67 16 74 94 88 44 11 29 113 31 92 25 125 30 59 97 58 32 89 80 124 21 45 71 107 70 1 87 106 -4175284.4370203028
Poczatkowa temparatura: 10000
Wsp. chlodzenia: 0.003
Liczba iteracji dla jednej temperatury: 10
Minimalna temperatura: 0.11
=========================
104 22 35 108 37 85 41 64 27 3 82 15 120 65 79 23 54 96 127 110 103 91 33 99 26 114 116 28 8 111 77 50 117 10 39 100 12 66 126 52 75 2 109 93 86 69 51 76 34 4 53 72 61 122 18 56 105 121 84 5 78 47 102 55 83 49 63 112 17 118 19 38 60 42 7 43 62 98 6 119 48 9 57 81 115 101 20 46 73 36 68 14 13 95 90 123 24 40 67 16 74 94 88 44 11 29 113 31 92 25 125 30 59 97 58 32 89 80 124 21 45 71 107 70 1 87 106 -4175284.4370203028
Poczatkowa temparatura: 10000
Wsp. chlodzenia: 0.003
Liczba iteracji dla jednej temperatury: 10
Minimalna temperatura: 0.11
=========================
116 30 60 42 10 24 127 6 85 1 106 14 104 123 21 124 82 35 86 15 95 59 34 71 40 8 107 88 38 58 29 75 56 28 99 73 45 63 44 87 2 4 114 98 62 31 103 74 112 96 54 18 49 3 79 65 83 66 126 55 102 108 53 81 13 26 61 105 93 16 72 101 52 20 92 39 125 80 89 51 22 5 77 100 119 111 68 57 69 37 76 118 19 121 43 67 25 91 41 23 36 90 97 110 115 120 78 84 47 17 7 12 50 32 113 33 11 122 64 117 9 94 109 48 70 46 27 -96602.83494080041
Poczatkowa temparatura: 10000
Wsp. chlodzenia: 0.003
Liczba iteracji dla jednej temperatury: 1
Minimalna temperatura: 0.11
=========================
116 30 60 42 10 24 127 6 85 1 106 14 104 123 21 124 82 35 86 15 95 59 34 71 40 8 107 88 38 58 29 75 56 28 99 73 45 63 44 87 2 4 114 98 62 31 103 74 112 96 54 18 49 3 79 65 83 66 126 55 102 108 53 81 13 26 61 105 93 16 72 101 52 20 92 39 125 80 89 51 22 5 77 100 119 111 68 57 69 37 76 118 19 121 43 67 25 91 41 23 36 90 97 110 115 120 78 84 47 17 7 12 50 32 113 33 11 122 64 117 9 94 109 48 70 46 27 -96602.83494080041
Poczatkowa temparatura: 10000
Wsp. chlodzenia: 0.003
Liczba iteracji dla jednej temperatury: 1
Minimalna temperatura: 0.11
=========================
116 30 60 42 10 24 127 6 85 1 106 14 104 123 21 124 82 35 86 15 95 59 34 71 40 8 107 88 38 58 29 75 56 28 99 73 45 63 44 87 2 4 114 98 62 31 103 74 112 96 54 18 49 3 79 65 83 66 126 55 102 108 53 81 13 26 61 105 93 16 72 101 52 20 92 39 125 80 89 51 22 5 77 100 119 111 68 57 69 37 76 118 19 121 43 67 25 91 41 23 36 90 97 110 115 120 78 84 47 17 7 12 50 32 113 33 11 122 64 117 9 94 109 48 70 46 27 -96602.83494080041
Poczatkowa temparatura: 10000
Wsp. chlodzenia: 0.003
Liczba iteracji dla jednej temperatury: 1
Minimalna temperatura: 0.11
=========================
116 30 60 42 10 24 127 6 85 1 106 14 104 123 21 124 82 35 86 15 95 59 34 71 40 8 107 88 38 58 29 75 56 28 99 73 45 63 44 87 2 4 114 98 62 31 103 74 112 96 54 18 49 3 79 65 83 66 126 55 102 108 53 81 13 26 61 105 93 16 72 101 52 20 92 39 125 80 89 51 22 5 77 100 119 111 68 57 69 37 76 118 19 121 43 67 25 91 41 23 36 90 97 110 115 120 78 84 47 17 7 12 50 32 113 33 11 122 64 117 9 94 109 48 70 46 27 -96602.83494080041
Poczatkowa temparatura: 10000
Wsp. chlodzenia: 0.003
Liczba iteracji dla jednej temperatury: 1
Minimalna temperatura: 0.11
=========================
113 117 47 82 6 38 90 14 64 22 58 80 99 27 104 32 62 34 91 33 20 2 23 40 59 95 69 103 68 48 71 54 72 44 76 5 126 10 31 30 24 111 70 57 96 1 97 116 35 121 119 53 79 92 56 29 125 122 3 17 120 81 124 88 46 41 4 52 8 16 108 84 49 77 13 26 15 87 45 83 66 101 65 39 11 37 110 127 105 74 118 106 107 73 43 85 93 109 7 112 75 12 89 25 61 123 19 94 21 51 78 55 63 50 18 100 98 114 86 36 67 42 60 28 102 115 9 -12223432.734737338
Poczatkowa temparatura: 2
Wsp. chlodzenia: 0.003
Liczba iteracji dla jednej temperatury: 100
Minimalna temperatura: 0.11
=========================
113 117 47 82 6 38 90 14 64 22 58 80 99 27 104 32 62 34 91 33 20 2 23 40 59 95 69 103 68 48 71 54 72 44 76 5 126 10 31 30 24 111 70 57 96 1 97 116 35 121 119 53 79 92 56 29 125 122 3 17 120 81 124 88 46 41 4 52 8 16 108 84 49 77 13 26 15 87 45 83 66 101 65 39 11 37 110 127 105 74 118 106 107 73 43 85 93 109 7 112 75 12 89 25 61 123 19 94 21 51 78 55 63 50 18 100 98 114 86 36 67 42 60 28 102 115 9 -12223432.734737338
Poczatkowa temparatura: 2
Wsp. chlodzenia: 0.003
Liczba iteracji dla jednej temperatury: 100
Minimalna temperatura: 0.11
=========================
113 117 47 82 6 38 90 14 64 22 58 80 99 27 104 32 62 34 91 33 20 2 23 40 59 95 69 103 68 48 71 54 72 44 76 5 126 10 31 30 24 111 70 57 96 1 97 116 35 121 119 53 79 92 56 29 125 122 3 17 120 81 124 88 46 41 4 52 8 16 108 84 49 77 13 26 15 87 45 83 66 101 65 39 11 37 110 127 105 74 118 106 107 73 43 85 93 109 7 112 75 12 89 25 61 123 19 94 21 51 78 55 63 50 18 100 98 114 86 36 67 42 60 28 102 115 9 -12223432.734737338
Poczatkowa temparatura: 2
Wsp. chlodzenia: 0.003
Liczba iteracji dla jednej temperatury: 100
Minimalna temperatura: 0.11
=========================
113 117 47 82 6 38 90 14 64 22 58 80 99 27 104 32 62 34 91 33 20 2 23 40 59 95 69 103 68 48 71 54 72 44 76 5 126 10 31 30 24 111 70 57 96 1 97 116 35 121 119 53 79 92 56 29 125 122 3 17 120 81 124 88 46 41 4 52 8 16 108 84 49 77 13 26 15 87 45 83 66 101 65 39 11 37 110 127 105 74 118 106 107 73 43 85 93 109 7 112 75 12 89 25 61 123 19 94 21 51 78 55 63 50 18 100 98 114 86 36 67 42 60 28 102 115 9 -12223432.734737338
Poczatkowa temparatura: 2
Wsp. chlodzenia: 0.003
Liczba iteracji dla jednej temperatury: 100
Minimalna temperatura: 0.11
=========================
29 125 25 91 30 64 122 56 82 66 20 2 84 115 81 62 1 87 94 8 123 85 76 5 22 102 58 38 10 27 33 99 23 80 53 63 103 9 36 21 41 59 40 67 35 112 18 105 74 54 32 13 78 120 55 101 7 14 60 26 3 39 92 12 113 117 49 17 52 126 95 11 97 100 31 61 98 106 65 79 118 77 114 75 124 6 93 109 44 86 37 19 16 71 57 72 34 116 43 24 83 104 42 68 51 73 45 96 46 119 50 28 90 15 127 69 48 88 107 70 111 4 121 110 47 108 89 -9365357.869006911
Poczatkowa temparatura: 1
Wsp. chlodzenia: 0.003
Liczba iteracji dla jednej temperatury: 100
Minimalna temperatura: 0.11
=========================
29 125 25 91 30 64 122 56 82 66 20 2 84 115 81 62 1 87 94 8 123 85 76 5 22 102 58 38 10 27 33 99 23 80 53 63 103 9 36 21 41 59 40 67 35 112 18 105 74 54 32 13 78 120 55 101 7 14 60 26 3 39 92 12 113 117 49 17 52 126 95 11 97 100 31 61 98 106 65 79 118 77 114 75 124 6 93 109 44 86 37 19 16 71 57 72 34 116 43 24 83 104 42 68 51 73 45 96 46 119 50 28 90 15 127 69 48 88 107 70 111 4 121 110 47 108 89 -9365357.869006911
Poczatkowa temparatura: 1
Wsp. chlodzenia: 0.003
Liczba iteracji dla jednej temperatury: 100
Minimalna temperatura: 0.11
=========================
29 125 25 91 30 64 122 56 82 66 20 2 84 115 81 62 1 87 94 8 123 85 76 5 22 102 58 38 10 27 33 99 23 80 53 63 103 9 36 21 41 59 40 67 35 112 18 105 74 54 32 13 78 120 55 101 7 14 60 26 3 39 92 12 113 117 49 17 52 126 95 11 97 100 31 61 98 106 65 79 118 77 114 75 124 6 93 109 44 86 37 19 16 71 57 72 34 116 43 24 83 104 42 68 51 73 45 96 46 119 50 28 90 15 127 69 48 88 107 70 111 4 121 110 47 108 89 -9365357.869006911
Poczatkowa temparatura: 1
Wsp. chlodzenia: 0.003
Liczba iteracji dla jednej temperatury: 100
Minimalna temperatura: 0.11
=========================
29 125 25 91 30 64 122 56 82 66 20 2 84 115 81 62 1 87 94 8 123 85 76 5 22 102 58 38 10 27 33 99 23 80 53 63 103 9 36 21 41 59 40 67 35 112 18 105 74 54 32 13 78 120 55 101 7 14 60 26 3 39 92 12 113 117 49 17 52 126 95 11 97 100 31 61 98 106 65 79 118 77 114 75 124 6 93 109 44 86 37 19 16 71 57 72 34 116 43 24 83 104 42 68 51 73 45 96 46 119 50 28 90 15 127 69 48 88 107 70 111 4 121 110 47 108 89 -9365357.869006911
Poczatkowa temparatura: 1
Wsp. chlodzenia: 0.003
Liczba iteracji dla jednej temperatury: 100
Minimalna temperatura: 0.11
=========================
90 51 86 30 65 27 113 101 10 91 32 64 29 92 38 72 34 100 106 119 107 109 35 110 98 59 42 9 28 62 93 87 41 58 78 3 19 105 83 22 2 84 1 95 104 40 60 39 61 123 8 14 7 126 50 77 111 21 36 67 45 96 48 68 47 63 49 117 13 31 6 127 85 94 74 124 76 16 12 99 33 24 43 125 25 116 114 17 56 102 57 37 18 5 80 66 81 46 75 121 4 118 69 97 23 108 53 20 115 15 120 26 52 82 55 103 73 11 71 44 70 54 88 112 79 89 122 -39764392.02338807
Poczatkowa temparatura: 10000
Wsp. chlodzenia: 0.003
Liczba iteracji dla jednej temperatury: 100
Minimalna temperatura: 0.11
=========================
90 51 86 30 65 27 113 101 10 91 32 64 29 92 38 72 34 100 106 119 107 109 35 110 98 59 42 9 28 62 93 87 41 58 78 3 19 105 83 22 2 84 1 95 104 40 60 39 61 123 8 14 7 126 50 77 111 21 36 67 45 96 48 68 47 63 49 117 13 31 6 127 85 94 74 124 76 16 12 99 33 24 43 125 25 116 114 17 56 102 57 37 18 5 80 66 81 46 75 121 4 118 69 97 23 108 53 20 115 15 120 26 52 82 55 103 73 11 71 44 70 54 88 112 79 89 122 -39764392.02338807
Poczatkowa temparatura: 10000
Wsp. chlodzenia: 0.003
Liczba iteracji dla jednej temperatury: 100
Minimalna temperatura: 0.11
=========================
113 32 99 79 65 84 17 47 7 14 43 90 76 55 31 89 20 115 73 45 109 94 8 42 125 38 91 27 92 29 58 4 5 66 15 30 71 44 21 36 121 19 69 46 70 57 105 102 13 80 3 122 62 95 61 97 75 107 11 35 110 16 68 111 41 87 118 117 50 18 112 119 49 63 52 77 54 82 9 1 25 22 56 108 103 116 114 12 100 28 51 96 34 104 123 24 39 6 33 59 98 60 126 124 26 106 64 83 10 81 53 74 127 86 2 72 93 85 37 67 48 88 40 23 78 120 101 -40358427.68191723
Poczatkowa temparatura: 10000
Wsp. chlodzenia: 0.003
Liczba iteracji dla jednej temperatury: 100
Minimalna temperatura: 0.11
=========================
113 32 99 79 65 84 17 47 7 14 43 90 76 55 31 89 20 115 73 45 109 94 8 42 125 38 91 27 92 29 58 4 5 66 15 30 71 44 21 36 121 19 69 46 70 57 105 102 13 80 3 122 62 95 61 97 75 107 11 35 110 16 68 111 41 87 118 117 50 18 112 119 49 63 52 77 54 82 9 1 25 22 56 108 103 116 114 12 100 28 51 96 34 104 123 24 39 6 33 59 98 60 126 124 26 106 64 83 10 81 53 74 127 86 2 72 93 85 37 67 48 88 40 23 78 120 101 -40358427.68191723
Poczatkowa temparatura: 10000
Wsp. chlodzenia: 0.003
Liczba iteracji dla jednej temperatury: 100
Minimalna temperatura: 0.11
=========================
27 57 72 36 7 34 15 122 10 82 12 99 25 3 42 62 28 104 39 90 29 92 1 83 13 76 65 18 55 84 120 66 78 48 74 111 70 94 109 96 16 20 93 9 123 108 113 79 121 119 54 73 2 105 43 6 21 49 75 46 14 4 50 77 118 63 112 69 35 41 71 5 17 64 101 59 45 88 51 61 30 100 32 60 97 91 115 102 23 53 68 56 81 52 19 103 110 127 8 37 85 33 89 26 11 44 86 40 87 95 67 107 24 80 47 22 124 126 114 117 106 38 116 98 58 31 125 -40302522.21843519
Poczatkowa temparatura: 10000
Wsp. chlodzenia: 0.003
Liczba iteracji dla jednej temperatury: 100
Minimalna temperatura: 0.11
=========================
27 57 72 36 7 34 15 122 10 82 12 99 25 3 42 62 28 104 39 90 29 92 1 83 13 76 65 18 55 84 120 66 78 48 74 111 70 94 109 96 16 20 93 9 123 108 113 79 121 119 54 73 2 105 43 6 21 49 75 46 14 4 50 77 118 63 112 69 35 41 71 5 17 64 101 59 45 88 51 61 30 100 32 60 97 91 115 102 23 53 68 56 81 52 19 103 110 127 8 37 85 33 89 26 11 44 86 40 87 95 67 107 24 80 47 22 124 126 114 117 106 38 116 98 58 31 125 -40302522.21843519
Poczatkowa temparatura: 10000
Wsp. chlodzenia: 0.003
Liczba iteracji dla jednej temperatury: 100
Minimalna temperatura: 0.11
=========================
27 57 72 36 7 34 15 122 10 82 12 99 25 3 42 62 28 104 39 90 29 92 1 83 13 76 65 18 55 84 120 66 78 48 74 111 70 94 109 96 16 20 93 9 123 108 113 79 121 119 54 73 2 105 43 6 21 49 75 46 14 4 50 77 118 63 112 69 35 41 71 5 17 64 101 59 45 88 51 61 30 100 32 60 97 91 115 102 23 53 68 56 81 52 19 103 110 127 8 37 85 33 89 26 11 44 86 40 87 95 67 107 24 80 47 22 124 126 114 117 106 38 116 98 58 31 125 -40302522.21843519
Poczatkowa temparatura: 10000
Wsp. chlodzenia: 0.003
Liczba iteracji dla jednej temperatury: 100
Minimalna temperatura: 0.11
=========================
27 57 72 36 7 34 15 122 10 82 12 99 25 3 42 62 28 104 39 90 29 92 1 83 13 76 65 18 55 84 120 66 78 48 74 111 70 94 109 96 16 20 93 9 123 108 113 79 121 119 54 73 2 105 43 6 21 49 75 46 14 4 50 77 118 63 112 69 35 41 71 5 17 64 101 59 45 88 51 61 30 100 32 60 97 91 115 102 23 53 68 56 81 52 19 103 110 127 8 37 85 33 89 26 11 44 86 40 87 95 67 107 24 80 47 22 124 126 114 117 106 38 116 98 58 31 125 -40302522.21843519
Poczatkowa temparatura: 10000
Wsp. chlodzenia: 0.003
Liczba iteracji dla jednej temperatury: 100
Minimalna temperatura: 0.11
=========================
9 6 106 114 3 100 61 62 91 58 64 113 65 99 92 89 125 104 110 85 86 87 88 96 109 71 59 60 116 90 8 19 4 108 15 1 16 37 35 36 14 12 20 73 68 69 70 67 72 21 17 31 30 41 43 34 38 26 28 122 33 25 29 32 84 81 126 82 83 101 102 63 119 75 74 23 24 10 5 52 124 66 55 46 94 112 111 107 127 93 103 40 42 39 27 80 79 78 117 76 77 18 22 105 7 2 51 57 44 97 98 123 95 45 54 48 118 53 49 47 56 121 50 115 13 120 11 152729.1648719038
Poczatkowa temparatura: 10000
Wsp. chlodzenia: 0.003
Liczba iteracji dla jednej temperatury: 100
Minimalna temperatura: 0.11
=========================
35 57 51 2 16 14 1 10 100 64 113 89 92 125 104 99 65 47 49 46 118 53 54 44 45 103 93 127 107 111 112 94 48 56 7 105 106 6 24 23 4 22 21 79 80 25 33 29 32 122 28 97 98 123 95 42 34 40 121 5 52 124 55 66 58 59 71 70 69 110 85 86 87 88 109 96 119 63 102 101 83 82 126 81 84 117 78 77 114 120 13 50 115 3 91 61 62 60 116 90 11 9 8 72 18 76 75 68 74 73 67 19 17 39 38 26 27 31 20 108 15 12 30 43 41 36 37 150049.15134589837
Poczatkowa temparatura: 10000
Wsp. chlodzenia: 0.003
Liczba iteracji dla jednej temperatury: 100
Minimalna temperatura: 0.11
=========================
35 57 51 2 16 14 1 10 100 64 113 89 92 125 104 99 65 47 49 46 118 53 54 44 45 103 93 127 107 111 112 94 48 56 7 105 106 6 24 23 4 22 21 79 80 25 33 29 32 122 28 97 98 123 95 42 34 40 121 5 52 124 55 66 58 59 71 70 69 110 85 86 87 88 109 96 119 63 102 101 83 82 126 81 84 117 78 77 114 120 13 50 115 3 91 61 62 60 116 90 11 9 8 72 18 76 75 68 74 73 67 19 17 39 38 26 27 31 20 108 15 12 30 43 41 36 37 150049.15134589837
Poczatkowa temparatura: 10000
Wsp. chlodzenia: 0.003
Liczba iteracji dla jednej temperatury: 100
Minimalna temperatura: 0.11
=========================
35 57 51 2 16 14 1 10 100 64 113 89 92 125 104 99 65 47 49 46 118 53 54 44 45 103 93 127 107 111 112 94 48 56 7 105 106 6 24 23 4 22 21 79 80 25 33 29 32 122 28 97 98 123 95 42 34 40 121 5 52 124 55 66 58 59 71 70 69 110 85 86 87 88 109 96 119 63 102 101 83 82 126 81 84 117 78 77 114 120 13 50 115 3 91 61 62 60 116 90 11 9 8 72 18 76 75 68 74 73 67 19 17 39 38 26 27 31 20 108 15 12 30 43 41 36 37 150049.15134589837
Poczatkowa temparatura: 10000
Wsp. chlodzenia: 0.003
Liczba iteracji dla jednej temperatury: 100
Minimalna temperatura: 0.11
=========================
78 117 126 83 101 102 82 81 84 75 76 74 73 67 116 60 62 61 90 10 120 114 6 108 15 106 105 7 13 115 5 52 124 56 49 46 112 111 107 94 118 47 55 66 64 58 104 110 109 96 70 68 77 18 20 2 51 103 93 127 95 42 38 39 34 30 41 14 16 37 36 43 40 35 44 45 48 53 54 57 121 50 1 12 31 79 85 86 87 88 119 63 69 71 59 91 113 65 99 92 89 125 100 3 11 9 24 23 8 72 19 4 22 21 17 27 26 123 98 97 28 122 32 29 33 25 80 163816.70294559794
Poczatkowa temparatura: 10000
Wsp. chlodzenia: 0.003
Liczba iteracji dla jednej temperatury: 100
Minimalna temperatura: 0.11
=========================
10 100 58 91 61 90 3 120 13 50 5 121 56 47 49 118 48 45 103 44 35 40 34 39 25 33 122 28 26 12 15 106 105 7 2 51 57 54 53 46 94 107 111 112 55 124 52 115 11 9 67 73 74 68 70 71 110 85 86 87 88 109 69 76 77 18 72 8 19 21 17 22 108 1 16 37 36 30 29 32 101 102 83 82 126 81 84 117 78 116 60 64 113 66 65 99 92 89 125 104 62 59 96 119 63 75 79 80 31 27 38 123 97 98 127 93 95 42 43 41 14 20 4 23 24 6 114 159110.67733300524
Poczatkowa temparatura: 10000
Wsp. chlodzenia: 0.003
Liczba iteracji dla jednej temperatury: 100
Minimalna temperatura: 0.11
=========================
63 102 101 98 97 42 35 51 2 13 120 114 11 9 23 19 18 77 74 73 67 68 70 69 96 109 88 87 86 85 110 71 72 21 17 22 4 24 6 105 7 1 16 14 41 36 37 15 106 108 20 12 30 43 40 44 103 45 54 57 48 94 107 111 112 46 118 49 53 47 65 99 92 89 125 104 59 91 100 58 64 113 66 55 124 52 5 56 121 50 115 10 3 90 116 61 62 60 8 78 83 82 126 81 84 117 80 31 27 26 39 38 25 29 32 33 122 28 123 95 127 93 34 79 76 75 119 149828.70391929452
Poczatkowa temparatura: 10000
Wsp. chlodzenia: 0.003
Liczba iteracji dla jednej temperatury: 100
Minimalna temperatura: 0.11
=========================
63 102 101 98 97 42 35 51 2 13 120 114 11 9 23 19 18 77 74 73 67 68 70 69 96 109 88 87 86 85 110 71 72 21 17 22 4 24 6 105 7 1 16 14 41 36 37 15 106 108 20 12 30 43 40 44 103 45 54 57 48 94 107 111 112 46 118 49 53 47 65 99 92 89 125 104 59 91 100 58 64 113 66 55 124 52 5 56 121 50 115 10 3 90 116 61 62 60 8 78 83 82 126 81 84 117 80 31 27 26 39 38 25 29 32 33 122 28 123 95 127 93 34 79 76 75 119 149828.70391929452
Poczatkowa temparatura: 10000
Wsp. chlodzenia: 0.003
Liczba iteracji dla jednej temperatury: 100
Minimalna temperatura: 0.11
=========================
52 124 55 47 49 118 48 53 56 5 2 1 106 6 23 19 72 18 77 79 80 21 17 20 12 27 26 38 39 42 127 107 111 112 94 46 65 113 66 100 64 58 91 61 90 116 60 62 59 104 99 92 89 125 10 115 51 103 93 95 123 97 98 101 102 83 82 126 81 84 117 78 22 4 24 108 15 16 37 40 43 34 30 14 41 36 35 44 45 54 57 121 50 13 120 7 105 114 11 9 67 110 85 86 87 88 109 73 31 28 122 33 25 29 32 76 68 71 70 69 96 119 63 75 74 8 3 157910.5691669981
Poczatkowa temparatura: 10000
Wsp. chlodzenia: 0.003
Liczba iteracji dla jednej temperatury: 100
Minimalna temperatura: 0.11
=========================
67 71 109 96 88 87 86 85 110 104 59 62 61 60 116 8 9 11 90 91 125 89 92 99 65 113 58 3 114 6 108 24 23 4 22 30 34 39 38 26 25 33 29 32 122 28 42 43 36 37 35 2 10 100 64 66 55 124 52 120 19 72 21 17 20 31 27 12 15 106 105 1 7 13 115 50 5 121 56 47 53 49 118 46 94 112 111 107 93 127 98 97 123 95 40 44 103 45 48 54 57 51 16 80 117 126 82 83 101 102 63 119 81 84 78 76 75 69 70 68 18 14 41 79 77 74 73 152623.17415020324
Poczatkowa temparatura: 10000
Wsp. chlodzenia: 0.003
Liczba iteracji dla jednej temperatury: 100
Minimalna temperatura: 0.11
=========================
67 71 109 96 88 87 86 85 110 104 59 62 61 60 116 8 9 11 90 91 125 89 92 99 65 113 58 3 114 6 108 24 23 4 22 30 34 39 38 26 25 33 29 32 122 28 42 43 36 37 35 2 10 100 64 66 55 124 52 120 19 72 21 17 20 31 27 12 15 106 105 1 7 13 115 50 5 121 56 47 53 49 118 46 94 112 111 107 93 127 98 97 123 95 40 44 103 45 48 54 57 51 16 80 117 126 82 83 101 102 63 119 81 84 78 76 75 69 70 68 18 14 41 79 77 74 73 152623.17415020324
Poczatkowa temparatura: 10000
Wsp. chlodzenia: 0.003
Liczba iteracji dla jednej temperatury: 100
Minimalna temperatura: 0.11
=========================
67 71 109 96 88 87 86 85 110 104 59 62 61 60 116 8 9 11 90 91 125 89 92 99 65 113 58 3 114 6 108 24 23 4 22 30 34 39 38 26 25 33 29 32 122 28 42 43 36 37 35 2 10 100 64 66 55 124 52 120 19 72 21 17 20 31 27 12 15 106 105 1 7 13 115 50 5 121 56 47 53 49 118 46 94 112 111 107 93 127 98 97 123 95 40 44 103 45 48 54 57 51 16 80 117 126 82 83 101 102 63 119 81 84 78 76 75 69 70 68 18 14 41 79 77 74 73 152623.17415020324
Poczatkowa temparatura: 10000
Wsp. chlodzenia: 0.003
Liczba iteracji dla jednej temperatury: 100
Minimalna temperatura: 0.11
=========================
105 68 36 72 93 85 103 8 35 62 30 114 41 104 123 9 1 116 76 56 96 107 109 5 75 4 44 6 17 13 81 49 74 112 73 53 78 51 119 111 23 47 77 43 125 80 90 28 89 7 71 15 40 11 117 113 16 102 100 59 31 118 126 124 82 52 18 50 32 88 127 110 14 64 20 87 95 24 48 22 46 84 57 70 2 33 99 25 106 39 67 54 79 94 86 45 69 10 29 66 98 3 63 55 37 12 92 38 108 97 21 65 101 120 83 60 122 121 19 58 26 115 27 91 42 61 34 -41193785.40877298
Poczatkowa temparatura: 10000
Wsp. chlodzenia: 0.003
Liczba iteracji dla jednej temperatury: 100
Minimalna temperatura: 0.11
=========================
105 68 36 72 93 85 103 8 35 62 30 114 41 104 123 9 1 116 76 56 96 107 109 5 75 4 44 6 17 13 81 49 74 112 73 53 78 51 119 111 23 47 77 43 125 80 90 28 89 7 71 15 40 11 117 113 16 102 100 59 31 118 126 124 82 52 18 50 32 88 127 110 14 64 20 87 95 24 48 22 46 84 57 70 2 33 99 25 106 39 67 54 79 94 86 45 69 10 29 66 98 3 63 55 37 12 92 38 108 97 21 65 101 120 83 60 122 121 19 58 26 115 27 91 42 61 34 -41193785.40877298
Poczatkowa temparatura: 10000
Wsp. chlodzenia: 0.003
Liczba iteracji dla jednej temperatury: 100
Minimalna temperatura: 0.11
=========================
105 68 36 72 93 85 103 8 35 62 30 114 41 104 123 9 1 116 76 56 96 107 109 5 75 4 44 6 17 13 81 49 74 112 73 53 78 51 119 111 23 47 77 43 125 80 90 28 89 7 71 15 40 11 117 113 16 102 100 59 31 118 126 124 82 52 18 50 32 88 127 110 14 64 20 87 95 24 48 22 46 84 57 70 2 33 99 25 106 39 67 54 79 94 86 45 69 10 29 66 98 3 63 55 37 12 92 38 108 97 21 65 101 120 83 60 122 121 19 58 26 115 27 91 42 61 34 -41193785.40877298
Poczatkowa temparatura: 10000
Wsp. chlodzenia: 0.003
Liczba iteracji dla jednej temperatury: 100
Minimalna temperatura: 0.11
=========================
38 11 122 92 35 8 54 23 37 50 75 29 113 25 90 28 91 17 118 63 56 81 61 33 52 41 110 105 104 123 62 103 19 98 96 53 1 109 44 21 89 31 125 80 58 12 115 34 71 45 72 121 83 66 74 94 22 49 69 55 51 87 107 86 39 67 14 99 32 59 95 60 16 78 5 77 47 20 36 13 102 2 68 43 119 57 70 40 9 26 100 6 85 93 114 82 120 84 7 101 46 106 42 15 112 108 73 111 18 64 117 4 48 30 65 76 10 126 124 79 3 27 24 97 116 127 88 -41257529.561733425
Poczatkowa temparatura: 10000
Wsp. chlodzenia: 0.003
Liczba iteracji dla jednej temperatury: 100
Minimalna temperatura: 0.11
=========================
92 64 89 99 91 65 120 10 52 50 115 13 56 124 5 55 113 61 125 104 62 59 72 19 24 4 17 21 22 23 73 85 86 88 87 110 109 71 116 60 90 77 67 8 74 18 76 68 117 70 69 96 63 119 126 82 98 101 123 97 34 32 27 14 43 26 30 41 36 37 2 35 1 7 16 105 114 106 9 11 6 20 108 15 12 79 31 80 84 81 78 83 75 102 29 33 122 28 25 42 39 38 127 93 107 94 111 48 112 49 46 118 53 54 47 45 95 103 40 44 57 66 51 121 3 100 58 -26219460.07212935
Poczatkowa temparatura: 10000
Wsp. chlodzenia: 0.003
Liczba iteracji dla jednej temperatury: 100
Minimalna temperatura: 0.11
=========================
92 64 89 99 91 65 120 10 52 50 115 13 56 124 5 55 113 61 125 104 62 59 72 19 24 4 17 21 22 23 73 85 86 88 87 110 109 71 116 60 90 77 67 8 74 18 76 68 117 70 69 96 63 119 126 82 98 101 123 97 34 32 27 14 43 26 30 41 36 37 2 35 1 7 16 105 114 106 9 11 6 20 108 15 12 79 31 80 84 81 78 83 75 102 29 33 122 28 25 42 39 38 127 93 107 94 111 48 112 49 46 118 53 54 47 45 95 103 40 44 57 66 51 121 3 100 58 -26219460.07212935
Poczatkowa temparatura: 10000
Wsp. chlodzenia: 0.003
Liczba iteracji dla jednej temperatury: 100
Minimalna temperatura: 0.11
=========================
92 64 89 99 91 65 120 10 52 50 115 13 56 124 5 55 113 61 125 104 62 59 72 19 24 4 17 21 22 23 73 85 86 88 87 110 109 71 116 60 90 77 67 8 74 18 76 68 117 70 69 96 63 119 126 82 98 101 123 97 34 32 27 14 43 26 30 41 36 37 2 35 1 7 16 105 114 106 9 11 6 20 108 15 12 79 31 80 84 81 78 83 75 102 29 33 122 28 25 42 39 38 127 93 107 94 111 48 112 49 46 118 53 54 47 45 95 103 40 44 57 66 51 121 3 100 58 -26219460.07212935
Poczatkowa temparatura: 10000
Wsp. chlodzenia: 0.003
Liczba iteracji dla jednej temperatury: 100
Minimalna temperatura: 0.11
=========================
19 67 72 73 79 74 76 69 102 83 97 33 31 41 14 16 36 44 127 103 123 93 95 40 57 45 48 54 53 56 118 49 46 47 112 107 94 111 50 121 35 2 12 25 29 78 42 38 122 28 101 98 32 126 82 84 117 81 75 96 63 119 70 87 71 86 88 110 85 68 109 104 92 99 89 65 125 66 113 64 100 58 61 59 60 62 91 24 6 106 11 10 115 13 120 5 9 90 116 124 52 55 51 1 114 105 15 20 80 30 43 34 39 26 27 37 7 3 23 4 108 17 21 22 77 18 8 -26629099.162999947
Poczatkowa temparatura: 10000
Wsp. chlodzenia: 0.003
Liczba iteracji dla jednej temperatury: 100
Minimalna temperatura: 0.11
=========================
119 35 86 31 9 41 116 40 61 33 64 32 100 84 113 127 110 36 90 126 50 63 47 72 58 123 67 2 73 54 71 103 85 121 77 46 20 124 4 30 6 42 92 122 106 118 74 57 68 14 60 95 19 38 55 81 111 117 48 24 44 87 37 104 97 3 102 10 98 89 27 91 34 21 49 82 1 65 25 105 101 11 39 59 93 114 15 99 29 125 28 23 7 96 107 70 94 69 22 17 56 18 112 75 53 8 45 80 66 78 108 5 13 12 120 83 115 76 52 79 16 109 51 88 43 62 26 -40516246.41922324
Poczatkowa temparatura: 10000
Wsp. chlodzenia: 0.003
Liczba iteracji dla jednej temperatury: 100
Minimalna temperatura: 0.11
=========================
119 35 86 31 9 41 116 40 61 33 64 32 100 84 113 127 110 36 90 126 50 63 47 72 58 123 67 2 73 54 71 103 85 121 77 46 20 124 4 30 6 42 92 122 106 118 74 57 68 14 60 95 19 38 55 81 111 117 48 24 44 87 37 104 97 3 102 10 98 89 27 91 34 21 49 82 1 65 25 105 101 11 39 59 93 114 15 99 29 125 28 23 7 96 107 70 94 69 22 17 56 18 112 75 53 8 45 80 66 78 108 5 13 12 120 83 115 76 52 79 16 109 51 88 43 62 26 -40516246.41922324
Poczatkowa temparatura: 10000
Wsp. chlodzenia: 0.003
Liczba iteracji dla jednej temperatury: 100
Minimalna temperatura: 0.11
=========================
119 35 86 31 9 41 116 40 61 33 64 32 100 84 113 127 110 36 90 126 50 63 47 72 58 123 67 2 73 54 71 103 85 121 77 46 20 124 4 30 6 42 92 122 106 118 74 57 68 14 60 95 19 38 55 81 111 117 48 24 44 87 37 104 97 3 102 10 98 89 27 91 34 21 49 82 1 65 25 105 101 11 39 59 93 114 15 99 29 125 28 23 7 96 107 70 94 69 22 17 56 18 112 75 53 8 45 80 66 78 108 5 13 12 120 83 115 76 52 79 16 109 51 88 43 62 26 -40516246.41922324
Poczatkowa temparatura: 10000
Wsp. chlodzenia: 0.003
Liczba iteracji dla jednej temperatury: 100
Minimalna temperatura: 0.11
=========================
119 35 86 31 9 41 116 40 61 33 64 32 100 84 113 127 110 36 90 126 50 63 47 72 58 123 67 2 73 54 71 103 85 121 77 46 20 124 4 30 6 42 92 122 106 118 74 57 68 14 60 95 19 38 55 81 111 117 48 24 44 87 37 104 97 3 102 10 98 89 27 91 34 21 49 82 1 65 25 105 101 11 39 59 93 114 15 99 29 125 28 23 7 96 107 70 94 69 22 17 56 18 112 75 53 8 45 80 66 78 108 5 13 12 120 83 115 76 52 79 16 109 51 88 43 62 26 -40516246.41922324
Poczatkowa temparatura: 10000
Wsp. chlodzenia: 0.003
Liczba iteracji dla jednej temperatury: 100
Minimalna temperatura: 0.11
=========================
86 96 87 69 119 63 101 102 82 84 81 78 79 80 26 72 8 22 4 21 17 19 11 9 10 3 100 116 59 90 62 91 60 61 64 58 125 89 113 104 92 99 121 52 65 55 66 124 56 5 47 46 45 103 107 127 111 112 94 49 118 53 48 54 57 51 2 50 16 13 120 115 1 12 14 105 7 114 15 23 6 24 108 106 20 18 77 31 36 41 40 37 44 35 38 39 30 43 29 34 42 25 27 123 95 93 97 98 33 28 122 32 83 117 126 75 70 68 67 73 74 76 109 71 88 85 110 -24166142.99453805
Poczatkowa temparatura: 10000
Wsp. chlodzenia: 0.003
Liczba iteracji dla jednej temperatury: 100
Minimalna temperatura: 0.11
=========================
61 32 100 102 10 81 13 126 50 76 62 28 1 24 103 9 127 22 124 4 97 59 75 46 69 121 109 45 23 54 8 95 110 39 7 123 17 11 52 83 120 72 51 68 107 96 16 85 93 105 47 21 122 58 25 91 31 101 2 67 41 86 40 113 80 92 30 116 33 89 98 3 12 78 66 18 49 77 55 79 112 119 74 48 70 94 73 14 60 43 108 5 27 104 57 88 56 117 15 53 6 118 84 106 44 37 26 90 63 111 71 35 87 36 114 82 115 19 34 99 20 125 42 65 29 64 38 -40488554.22398511
Poczatkowa temparatura: 10000
Wsp. chlodzenia: 0.003
Liczba iteracji dla jednej temperatury: 100
Minimalna temperatura: 0.11
=========================
113 62 91 61 59 60 64 100 10 52 124 55 121 56 54 5 51 57 36 37 34 39 43 42 40 45 44 118 94 112 111 46 107 47 49 53 93 48 103 127 95 98 28 123 97 102 101 63 82 87 119 109 110 86 88 85 104 96 71 72 73 74 70 75 69 84 126 32 83 122 25 29 33 38 26 27 31 12 30 14 41 1 16 2 35 114 120 7 9 11 67 8 106 3 90 116 23 21 77 79 81 117 78 80 76 68 17 18 19 22 4 24 20 108 15 6 50 105 13 115 58 125 66 99 89 92 65 -14955204.0757821
Poczatkowa temparatura: 10000
Wsp. chlodzenia: 0.003
Liczba iteracji dla jednej temperatury: 100
Minimalna temperatura: 0.11
=========================
113 62 91 61 59 60 64 100 10 52 124 55 121 56 54 5 51 57 36 37 34 39 43 42 40 45 44 118 94 112 111 46 107 47 49 53 93 48 103 127 95 98 28 123 97 102 101 63 82 87 119 109 110 86 88 85 104 96 71 72 73 74 70 75 69 84 126 32 83 122 25 29 33 38 26 27 31 12 30 14 41 1 16 2 35 114 120 7 9 11 67 8 106 3 90 116 23 21 77 79 81 117 78 80 76 68 17 18 19 22 4 24 20 108 15 6 50 105 13 115 58 125 66 99 89 92 65 -14955204.0757821
Poczatkowa temparatura: 10000
Wsp. chlodzenia: 0.003
Liczba iteracji dla jednej temperatury: 100
Minimalna temperatura: 0.11
=========================
113 62 91 61 59 60 64 100 10 52 124 55 121 56 54 5 51 57 36 37 34 39 43 42 40 45 44 118 94 112 111 46 107 47 49 53 93 48 103 127 95 98 28 123 97 102 101 63 82 87 119 109 110 86 88 85 104 96 71 72 73 74 70 75 69 84 126 32 83 122 25 29 33 38 26 27 31 12 30 14 41 1 16 2 35 114 120 7 9 11 67 8 106 3 90 116 23 21 77 79 81 117 78 80 76 68 17 18 19 22 4 24 20 108 15 6 50 105 13 115 58 125 66 99 89 92 65 -14955204.0757821
Poczatkowa temparatura: 10000
Wsp. chlodzenia: 0.003
Liczba iteracji dla jednej temperatury: 100
Minimalna temperatura: 0.11
=========================
113 62 91 61 59 60 64 100 10 52 124 55 121 56 54 5 51 57 36 37 34 39 43 42 40 45 44 118 94 112 111 46 107 47 49 53 93 48 103 127 95 98 28 123 97 102 101 63 82 87 119 109 110 86 88 85 104 96 71 72 73 74 70 75 69 84 126 32 83 122 25 29 33 38 26 27 31 12 30 14 41 1 16 2 35 114 120 7 9 11 67 8 106 3 90 116 23 21 77 79 81 117 78 80 76 68 17 18 19 22 4 24 20 108 15 6 50 105 13 115 58 125 66 99 89 92 65 -14955204.0757821
Poczatkowa temparatura: 10000
Wsp. chlodzenia: 0.003
Liczba iteracji dla jednej temperatury: 100
Minimalna temperatura: 0.11
=========================
12 14 41 30 34 43 36 37 35 40 42 39 38 26 25 33 122 28 29 32 117 84 81 126 82 83 102 101 98 97 123 95 127 93 103 45 44 54 57 51 2 16 1 7 105 114 120 10 115 13 50 121 5 52 124 56 53 118 48 94 107 111 112 46 49 47 55 66 113 65 99 92 89 125 104 59 62 60 116 90 61 91 58 64 100 3 11 9 8 72 19 22 4 23 24 6 106 15 108 20 17 21 18 77 74 73 67 68 69 70 71 110 85 86 87 88 109 96 119 63 75 76 78 79 80 27 31 126132.23534029858
Poczatkowa temparatura: 10000
Wsp. chlodzenia: 0.003
Liczba iteracji dla jednej temperatury: 100
Minimalna temperatura: 0.11
=========================
12 14 41 30 34 43 36 37 35 40 42 39 38 26 25 33 122 28 29 32 117 84 81 126 82 83 102 101 98 97 123 95 127 93 103 45 44 54 57 51 2 16 1 7 105 114 120 10 115 13 50 121 5 52 124 56 53 118 48 94 107 111 112 46 49 47 55 66 113 65 99 92 89 125 104 59 62 60 116 90 61 91 58 64 100 3 11 9 8 72 19 22 4 23 24 6 106 15 108 20 17 21 18 77 74 73 67 68 69 70 71 110 85 86 87 88 109 96 119 63 75 76 78 79 80 27 31 126132.23534029858
Poczatkowa temparatura: 10000
Wsp. chlodzenia: 0.003
Liczba iteracji dla jednej temperatury: 100
Minimalna temperatura: 0.11
=========================
111 112 94 46 118 48 53 49 47 56 5 52 124 55 66 113 65 99 92 89 125 104 59 62 60 116 90 61 91 58 64 100 3 11 9 24 23 4 22 19 72 8 67 73 74 18 21 17 20 108 6 106 15 105 114 120 10 115 50 13 7 1 16 14 41 36 37 35 2 51 121 57 54 45 103 44 40 43 34 42 39 38 28 122 33 32 29 25 26 27 30 12 31 80 79 77 76 78 117 84 81 75 69 70 68 71 110 85 86 87 88 109 96 119 63 126 82 83 102 101 98 97 123 95 93 127 107 121874.36828469926
Poczatkowa temparatura: 10000
Wsp. chlodzenia: 0.003
Liczba iteracji dla jednej temperatury: 100
Minimalna temperatura: 0.11
=========================
111 112 94 46 118 48 53 49 47 56 5 52 124 55 66 113 65 99 92 89 125 104 59 62 60 116 90 61 91 58 64 100 3 11 9 24 23 4 22 19 72 8 67 73 74 18 21 17 20 108 6 106 15 105 114 120 10 115 50 13 7 1 16 14 41 36 37 35 2 51 121 57 54 45 103 44 40 43 34 42 39 38 28 122 33 32 29 25 26 27 30 12 31 80 79 77 76 78 117 84 81 75 69 70 68 71 110 85 86 87 88 109 96 119 63 126 82 83 102 101 98 97 123 95 93 127 107 121874.36828469926
Poczatkowa temparatura: 10000
Wsp. chlodzenia: 0.003
Liczba iteracji dla jednej temperatury: 100
Minimalna temperatura: 0.11
=========================
65 113 66 55 49 118 48 45 103 44 54 124 52 56 57 79 80 31 27 26 38 39 40 35 36 37 50 5 121 51 2 16 1 13 115 10 120 7 105 114 19 73 74 75 69 70 68 71 110 85 86 87 88 109 96 119 63 102 101 83 82 126 81 84 117 78 76 77 17 21 18 72 8 67 62 61 58 64 100 91 125 89 92 99 104 59 60 116 90 3 11 9 23 22 4 24 6 106 15 108 20 12 14 41 30 43 34 42 123 97 98 32 29 25 33 122 28 95 93 127 107 111 112 94 46 53 47 141158.62933159168
Poczatkowa temparatura: 10000
Wsp. chlodzenia: 0.003
Liczba iteracji dla jednej temperatury: 100
Minimalna temperatura: 0.11
=========================
16 1 11 9 58 64 100 3 90 116 60 59 62 61 91 89 92 99 65 55 66 113 125 104 110 85 86 87 88 109 96 70 71 68 67 73 74 77 18 72 8 19 20 12 41 35 103 93 127 107 111 112 94 46 49 47 53 118 48 54 45 44 40 42 28 122 33 25 29 32 83 102 101 98 97 123 95 27 31 79 76 75 69 119 63 82 126 81 84 117 78 80 17 21 22 4 23 24 108 6 106 15 105 114 7 120 10 115 13 50 5 52 124 56 121 57 51 2 37 36 43 34 39 38 26 30 14 141043.46725749277
Poczatkowa temparatura: 10000
Wsp. chlodzenia: 0.003
Liczba iteracji dla jednej temperatury: 100
Minimalna temperatura: 0.11
=========================
50 100 64 58 91 61 62 59 60 116 90 3 10 115 13 120 7 11 9 114 105 21 17 20 108 15 106 6 24 23 4 22 19 8 72 18 77 74 73 67 85 86 87 88 109 96 119 63 102 101 83 82 126 81 84 117 78 76 75 69 70 68 71 110 104 125 89 92 99 65 113 66 55 112 111 107 127 98 97 123 95 93 94 46 118 48 53 49 47 124 52 5 56 121 51 2 16 1 37 36 41 14 12 30 26 29 32 28 122 33 25 80 79 31 27 38 39 42 34 43 40 35 44 103 45 54 57 130088.99653010487
Poczatkowa temparatura: 10000
Wsp. chlodzenia: 0.003
Liczba iteracji dla jednej temperatury: 100
Minimalna temperatura: 0.11
=========================
50 100 64 58 91 61 62 59 60 116 90 3 10 115 13 120 7 11 9 114 105 21 17 20 108 15 106 6 24 23 4 22 19 8 72 18 77 74 73 67 85 86 87 88 109 96 119 63 102 101 83 82 126 81 84 117 78 76 75 69 70 68 71 110 104 125 89 92 99 65 113 66 55 112 111 107 127 98 97 123 95 93 94 46 118 48 53 49 47 124 52 5 56 121 51 2 16 1 37 36 41 14 12 30 26 29 32 28 122 33 25 80 79 31 27 38 39 42 34 43 40 35 44 103 45 54 57 130088.99653010487
Poczatkowa temparatura: 10000
Wsp. chlodzenia: 0.003
Liczba iteracji dla jednej temperatury: 100
Minimalna temperatura: 0.11