
=========================
13 115 50 51 57 44 103 45 54 121 56 5 52 124 66 55 47 53 49 118 48 46 94 112 111 107 127 93 95 42 39 38 33 122 28 123 97 98 32 29 25 26 27 31 79 80 78 76 68 70 69 75 117 84 81 126 82 83 101 102 63 119 96 109 88 87 86 85 110 71 73 74 77 18 17 20 108 6 106 15 105 114 11 9 24 23 19 4 22 21 72 8 67 59 104 125 89 92 99 65 113 64 58 91 61 62 60 116 90 3 100 10 120 7 1 16 37 41 14 12 30 34 43 40 36 35 2 129025.13466040014
Metoda: reverse
Liczba iteracji bez poprawy: 1000
=========================
117 80 79 77 18 72 8 19 22 4 23 24 9 11 3 100 10 120 13 7 105 114 6 106 15 108 20 21 17 12 14 16 1 2 50 115 5 56 121 51 57 54 45 103 44 40 35 37 36 41 30 43 34 42 39 38 31 27 26 25 33 29 32 122 28 97 98 123 95 93 127 107 111 112 94 46 48 118 49 53 47 124 52 55 66 65 99 92 89 104 125 113 64 58 91 61 90 116 60 62 59 67 73 74 78 76 75 69 70 68 71 110 85 86 87 88 109 96 119 63 102 101 83 82 126 81 84 125714.90557250008
Metoda: reverse
Liczba iteracji bez poprawy: 1000
=========================
89 104 125 64 58 100 91 61 62 59 60 116 90 3 10 120 7 114 11 9 24 23 19 72 8 67 73 74 77 18 21 17 79 80 78 76 68 71 70 69 109 110 85 86 87 88 96 119 63 102 101 83 82 126 81 84 75 117 32 29 25 33 122 28 97 98 123 42 39 38 26 27 31 14 12 20 22 4 108 6 106 15 105 1 16 37 36 41 30 34 43 40 35 44 103 95 93 127 107 111 112 94 46 49 53 118 48 45 54 57 51 2 13 115 50 5 121 56 52 124 47 55 66 113 65 99 92 131234.35338120002
Metoda: reverse
Liczba iteracji bez poprawy: 1000
=========================
114 3 10 100 64 58 91 61 62 59 60 90 116 67 8 72 19 21 17 22 4 23 108 20 12 14 16 41 36 37 35 40 43 34 39 42 95 123 98 97 28 122 33 32 29 25 26 38 30 27 31 80 79 77 18 74 73 68 71 70 69 75 76 78 117 84 81 126 82 83 101 102 63 119 96 109 88 87 86 85 110 104 99 92 89 125 113 65 66 55 124 47 49 53 48 118 46 94 112 111 107 127 93 103 45 44 54 57 121 56 52 5 51 2 1 13 50 115 120 7 105 15 106 6 24 9 11 125934.29857920005
Metoda: reverse
Liczba iteracji bez poprawy: 1000
=========================
40 35 37 36 41 30 26 27 31 12 14 15 106 6 108 20 17 21 22 4 19 23 24 9 11 114 105 7 1 16 2 51 57 54 44 45 103 93 95 123 97 98 127 107 111 112 94 46 118 48 53 49 47 55 66 124 52 5 56 121 50 115 13 120 10 100 3 90 116 60 59 62 61 91 58 64 113 65 99 92 89 125 104 110 71 68 74 73 67 8 72 18 77 76 75 69 70 109 85 86 87 88 96 119 63 102 101 83 82 126 81 84 117 78 79 80 32 29 28 122 33 25 38 39 42 34 43 124197.53975030006
Metoda: reverse
Liczba iteracji bez poprawy: 1000