[67, 69, 70, 61, 60, 59, 66, 72, 73, 71, 7, 18, 22, 8, 10, 5, 105, 113, 119, 9, 99, 57, 63, 88, 91, 103, 84, 85, 87, 86, 90, 93, 111, 110, 106, 126, 92, 94, 41, 39, 43, 56, 50, 15, 83, 80, 116, 79, 14, 104, 6, 0, 13, 29, 25, 26, 30, 115, 89, 2, 36, 35, 34, 1, 12, 114, 49, 4, 51, 123, 55, 120, 53, 44, 102, 38, 37, 33, 42, 40, 11, 19, 16, 20, 78, 77, 74, 118, 62, 81, 125, 24, 32, 121, 27, 28, 31, 82, 101, 100, 97, 96, 122, 47, 117, 45, 48, 52, 46, 54, 65, 112, 64, 98, 124, 58, 109, 108, 95, 68, 23, 107, 3, 21, 17, 76, 75]
178932.01622040002
4.326325178146362
8.105331897735596

[117, 52, 34, 35, 40, 29, 30, 26, 37, 25, 79, 78, 71, 7, 66, 72, 73, 20, 16, 11, 13, 15, 0, 48, 45, 93, 106, 110, 111, 46, 123, 51, 1, 36, 42, 38, 27, 121, 32, 24, 77, 116, 125, 62, 118, 87, 86, 85, 84, 109, 70, 67, 115, 60, 90, 57, 63, 112, 65, 99, 89, 8, 28, 31, 100, 101, 81, 82, 97, 96, 122, 41, 33, 39, 54, 64, 98, 91, 88, 124, 61, 59, 58, 103, 108, 95, 69, 68, 74, 80, 83, 75, 76, 17, 18, 21, 19, 107, 14, 105, 113, 119, 6, 104, 5, 23, 3, 22, 10, 2, 9, 120, 56, 53, 55, 4, 114, 12, 49, 50, 43, 44, 102, 94, 126, 92, 47]
174236.06712329993
21.790355443954468

[84, 103, 98, 91, 88, 124, 61, 59, 115, 89, 8, 22, 20, 16, 19, 107, 14, 113, 114, 51, 54, 111, 110, 106, 126, 122, 27, 31, 28, 25, 26, 30, 78, 79, 77, 75, 76, 17, 29, 33, 42, 35, 36, 13, 11, 15, 0, 1, 50, 43, 92, 94, 41, 38, 121, 32, 24, 37, 40, 119, 9, 57, 63, 65, 64, 112, 90, 58, 70, 66, 60, 99, 2, 10, 7, 71, 18, 21, 3, 23, 5, 105, 104, 6, 12, 49, 4, 123, 46, 48, 52, 56, 53, 44, 102, 47, 93, 45, 117, 55, 120, 34, 39, 96, 97, 82, 125, 80, 83, 74, 68, 95, 108, 86, 109, 69, 67, 72, 73, 116, 81, 100, 101, 62, 118, 87, 85]
170028.98854190003
44.80199670791626

[17, 20, 16, 21, 3, 22, 107, 23, 8, 10, 5, 105, 13, 40, 41, 121, 27, 96, 122, 94, 92, 106, 110, 111, 64, 98, 91, 88, 60, 90, 57, 63, 99, 9, 119, 1, 34, 39, 42, 33, 38, 37, 32, 31, 28, 24, 25, 29, 26, 30, 11, 19, 14, 104, 0, 15, 36, 35, 50, 56, 120, 55, 4, 61, 58, 109, 103, 124, 112, 65, 54, 52, 117, 47, 44, 102, 43, 53, 49, 12, 6, 78, 79, 116, 82, 101, 100, 97, 126, 93, 45, 48, 46, 123, 51, 114, 113, 77, 83, 80, 74, 68, 118, 62, 81, 125, 75, 66, 59, 115, 89, 2, 7, 18, 71, 72, 67, 69, 95, 108, 84, 85, 86, 87, 70, 73, 76]
167047.0630226
243.75678205490112

[ 86  87  85 103 124 112  64  98  91  88  58  61  90  57  60  59 115  89
   8  10   5 113  49  50   1  36  38  27 121  32  25  26  30  19  16  20
  79  78  76  17  73 108  95 118  62 101 100  82  81 125  80  31  28  24
  37  29  40  15   0  12 114   9 119   6 104 105  14 107  23   3  21  18
  22   2  99  63  65  54 123  51   4 120  56  52  45  93 126  97  96 122
  41  33  42  35  34  39  94  92 106 110 111  53  13  11  75  77 116  83
  74  68  69  67  72  71   7  43 102  44  47 117  48  46  55  66  70 109
  84]
164173.3510135
7.089977502822876

[ 87  85 103  98  64  65  54  46 123 114  23  22   3  21  18   7  71  20
  16  79  78  76  17 107 104  49   4 120  55  51 112  88  91 124  63   2
  10   8   5 105   0   1  50  56  34  35  42  37  24  32 121  28  31  81
  62 118  95 108  70  67  69  68  74  75  27  96  97 100 101  82 125  80
  83 116  77  25  92 126 106 110 111  93  45  48  52 117  47  44  43  39
  41 122  94 102  53  12 119   6  15  36  40  13  30  26  38  33  29  11
  19  14 113   9  99  57  90  60  61  58  59  89 115  66  72  73 109  84
  86]
161142.24324040004
15.40031123161316